# COLD GASS Third Data Release - 26 September 2012
#
# This is an updated version of the first and second COLD GASS catalogs, to include a total of 366 galaxies,
# which is the entire sample observed as part of the COLD GASS survey.
# The values given in this catalog supersede those in any previous versions.
#
# If using this catalogue, please refer to the following papers:
# Saintonge et al. (2011, MNRAS, 415, 32) : Survey description and overview of IRAM CO data
# Saintonge et al. (2012, ApJ) : Improved aperture corrections and assignment of XCO
# Saintonge et al. (2011, MNRAS, 415, 61) : SFR measurements from SDSS/Galex photometry
# Catinella et al. (2012, A&A, 544, A65) : Arecibo HI data
#
# *** IMPORTANT : make sure to familiarize yourself with the contents of the README file that accompanies
#                 this catalogue before using the data! ***
#
# GASS    SDSS_name              z_SDSS     logM*    logmu*    SFR     D25      C     NUV-r      r      rms        S/N    SCO_obs   SCO_cor  f_off     XCO    logMH2 logMH2/M* COflag logMHI HIflag weight
#                                       [Msun] [Msun/kpc^2] [Msun/yr] [asec]                   [mag]    [mK]             [Jy km/s] [Jy km/s]     [Msun/(K kms pc^2)] [Msun]           [Msun]
# (1)             (2)              (3)       (4)      (5)      (6)     (7)     (8)     (9)     (10)     (11)      (12)      (13)      (14)    (15)     (16)     (17)     (18)  (19)    (20)  (21)   (22)
#
11956     J000820.76+150921.6    0.03951    10.09     8.48     0.90    22.6    2.15    3.04    16.28    0.952      0.0      0.00      0.00    0.00     4.35     8.88    -1.21    2     9.18    3    0.936
12025     J001934.54+161215.0    0.03665    10.84     9.13     0.06    34.3    3.03    5.93    14.74    1.065      0.0      0.00      0.00    0.00     4.35     8.91    -1.93    2     9.10    4    0.531
12002     J002504.00+145815.2    0.03672    10.48     9.41     0.02    24.2    3.17    6.25    15.47    1.178      0.0      0.00      0.00    0.00     4.35     8.90    -1.58    2     8.68    4    0.754
11989     J002558.89+135545.8    0.04194    10.69     9.18     0.14    23.7    3.02    5.79    15.14    1.066      0.0      0.00      0.00    0.00     4.35     8.93    -1.76    2     9.10    3    0.679
11994     J002558.97+142052.7    0.03725    10.17     8.05     2.11    57.6    2.43    2.53    15.42    1.554      4.8      3.44      4.22    0.00     4.35     9.07    -1.09    1    10.24    1    0.953
27167     J003921.66+142811.5    0.03802    10.37     9.14     0.66    21.2    2.77    4.48    15.49    1.172      0.0      0.00      0.00    0.00     4.35     8.88    -1.49    2     9.60    3    1.000
 3189     J004023.48+143649.4    0.03840    10.05     7.92     3.47    37.7    1.96    2.77    15.66    1.235      6.0      3.19      3.91    0.00     4.35     9.06    -0.98    1     9.74    3    0.936
 3261     J005532.61+154632.9    0.03747    10.08     8.57     2.19    22.8    2.54    2.63    15.49    1.957      8.6      4.27      4.67    0.00     4.35     9.12    -0.96    1     9.97    3    0.936
 3318     J010238.29+151006.6    0.03968    10.53     8.98     0.11    26.4    3.05    5.73    15.22    1.028      0.0      0.00      0.00    0.00     4.35     8.93    -1.60    2     0.00    0    0.754
 3439     J010905.96+144520.8    0.03855    10.35     8.78     1.10    32.5    2.90    3.05    15.48    0.887      0.0      0.00      0.00    0.00     4.35     8.84    -1.51    2     9.55    3    1.000
 3465     J011221.82+150039.0    0.02920    10.19     8.93     0.46    28.8    2.89    3.63    15.33    1.173      4.2      2.89      3.12    0.00     4.35     8.74    -1.45    1     9.42    3    0.953
 3645     J011501.75+152448.6    0.03074    10.33     8.93     0.64    28.2    2.71    3.97    15.12    1.075      0.0      0.00      0.00    0.00     4.35     8.75    -1.58    2     9.51    3    1.000
 3509     J011711.65+132027.3    0.04837    10.81     9.18     1.35    31.1    3.11    4.14    15.28    1.153      7.2      5.02      5.34    0.00     4.35     9.39    -1.41    1     9.47    3    0.531
 3524     J011716.09+143720.5    0.03804    10.73     9.36     0.15    25.5    2.71    5.15    15.58    1.085      5.3      2.90      3.07    0.00     4.35     8.95    -1.78    1     9.44    3    0.679
 3519     J011728.11+144215.9    0.04274    10.74     8.64     4.41    34.2    2.20    3.68    14.95    1.533      7.7      5.51      6.80    0.00     4.35     9.40    -1.35    1     9.53    3    0.679
 3505     J011746.76+131924.5    0.04791    10.21     8.83     0.37    17.7    3.30    4.92    16.35    0.839      0.0      0.00      0.00    0.00     4.35     8.88    -1.33    2     9.91    3    0.953
 3504     J011823.44+133728.4    0.03801    10.16     7.91     1.87    37.7    1.84    2.85    15.34    1.534      9.2      2.83      3.26    0.00     4.35     8.98    -1.18    1     9.66    3    0.953
 3821     J014042.68+133304.6    0.04473    10.87     9.09     0.07    41.3    3.26    5.84    14.85    1.145      0.0      0.00      0.00    0.00     4.35     9.08    -1.79    2     9.05    4    0.531
 3819     J014143.18+134032.8    0.04531    10.67     9.06     7.40    27.7    2.49    2.20    14.72    2.209     23.7     20.82     22.57    0.00     4.35     9.97    -0.71    1     9.94    3    0.679
 4094     J014326.66+131913.0    0.02755    10.55     9.22     0.07    36.3    2.98    5.94    14.71    1.289      0.0      0.00      0.00    0.00     4.35     8.72    -1.83    2     8.76    4    0.754
 4195     J014906.09+142550.6    0.04451    10.62     8.66     0.36    29.7    2.89    4.74    15.31    0.911      0.0      0.00      0.00    0.00     4.35     9.01    -1.61    2     8.89    4    0.679
 4216     J015551.98+145624.9    0.04383    10.74     8.70     9.33    40.2    2.50    2.51    14.46    2.560     21.7     26.04     31.36    0.12     4.35    10.08    -0.66    1    10.22    1    0.679
 4137     J015651.99+131246.0    0.04447    10.90     9.32     0.28    35.4    3.33    5.35    15.00    1.371      0.0      0.00      0.00    0.00     4.35     9.08    -1.82    2     9.54    3    0.405
 4233     J015707.32+145543.5    0.04334    10.88     9.03     0.02    32.1    3.06    5.69    14.70    1.151      0.0      0.00      0.00    0.00     4.35     8.91    -1.97    2     9.65    3    0.531
 4230     J015709.80+143259.5    0.02641    11.01     9.03     0.48    90.4    2.98    5.02    13.55    1.148      9.3      4.98      6.66    0.00     4.35     8.98    -2.03    1     9.72    1    0.405
 4223     J015712.97+144407.6    0.02602    10.56     9.16     0.17    41.4    3.35    5.19    14.44    1.283      0.0      0.00      0.00    0.00     4.35     8.77    -1.79    2     9.47    3    0.754
 4239     J015816.23+141747.9    0.02615    10.80     9.18     0.06    54.5    3.35    5.58    13.92    2.036      0.0      0.00      0.00    0.00     4.35     8.92    -1.88    2     8.92    4    0.531
 3962     J020359.14+141837.3    0.04274    10.90     8.84     6.59    46.3    2.94    3.22    14.51    1.639     33.3     26.04     31.11    0.39     4.35    10.06    -0.85    1     9.74    3    0.405
 4017     J020517.54+133020.6    0.02582    10.23     8.29     0.60    48.0    1.88    3.17    14.44    1.901      5.9      3.31      4.07    0.00     4.35     8.75    -1.48    1     9.25    3    0.953
 3880     J020519.88+131530.7    0.02698    10.52     9.33     0.10    32.9    2.98    6.00    14.61    1.289      0.0      0.00      0.00    0.00     4.35     8.70    -1.83    2     8.74    4    0.754
 3977     J020744.46+140453.7    0.03242    10.26     8.64     0.91    34.5    2.61    3.57    15.60    1.127      3.8      1.65      1.84    0.00     4.35     8.59    -1.67    1     9.51    3    0.953
 4030     J020939.47+135859.4    0.04914    11.33     8.72     1.74    42.6    2.02    4.08    14.08    2.353      8.5      7.74      9.07    0.41     4.35     9.64    -1.69    1     9.61    3    0.203
 4038     J021121.82+143015.5    0.04168    10.72     8.65     2.16    59.0    2.56    3.40    15.10    1.417      8.2      6.78      8.10    0.43     4.35     9.45    -1.27    1     9.94    3    0.679
 4037     J021130.77+141801.9    0.02651    10.77     9.18     0.35    53.3    3.22    5.27    13.96    2.331      0.0      0.00      0.00    0.00     4.35     8.80    -1.97    2     0.00    0    0.531
 4039     J021131.43+141202.4    0.02539    10.32     8.93     0.36    44.5    2.94    3.47    14.80    1.126      0.0      0.00      0.00    0.00     4.35     8.61    -1.71    2     9.50    3    1.000
 4045     J021133.55+135501.7    0.02651    10.47     9.21     4.55    43.5    3.64    2.83    14.11    2.094     71.6     32.94     35.98    0.19     4.35     9.71    -0.75    1     9.14    1    0.754
 4041     J021136.94+143045.2    0.02624    10.41     8.40     2.48    53.6    1.90    3.50    14.43    1.440     11.0      6.78      8.11    0.00     4.35     9.06    -1.35    1     9.57    1    1.000
 4040     J021139.06+140830.3    0.02694    10.32     9.27     0.01    28.6    3.15    5.80    14.99    1.103      0.0      0.00      0.00    0.00     4.35     8.62    -1.70    2     8.70    4    1.000
 4048     J021219.38+133645.6    0.04138    10.55     8.77     2.41    27.5    2.32    3.45    15.40    1.092     12.9      6.48      7.23    0.00     4.35     9.39    -1.16    1     9.73    3    0.754
 4054     J021337.50+134341.2    0.04107    11.18     9.25     2.25    72.0    3.08    3.78    14.19    1.541      0.0      0.00      0.00    0.00     4.35     9.17    -2.00    2     0.00    0    0.280
 3981     J021404.39+131156.3    0.04160    10.55     8.76     2.10    31.7    2.61    3.76    15.34    1.255      8.4      5.78      6.41    0.00     4.35     9.35    -1.20    1     9.32    3    0.754
 3985     J021412.12+132612.8    0.04115    10.76     8.98     0.04    27.2    2.83    5.95    15.09    1.060      0.0      0.00      0.00    0.00     4.35     8.99    -1.77    2     8.94    4    0.531
 4057     J021419.24+135611.2    0.03966    10.52     9.13     1.28    26.3    2.72    3.36    15.27    1.121      0.0      0.00      0.00    0.00     4.35     8.98    -1.55    2     9.90    3    0.754
13775     J075155.69+271810.7    0.02637    10.57     8.81     0.55    72.6    2.92    4.14    14.91    1.166      3.8      2.70      3.23    0.00     4.35     8.66    -1.91    1    10.11    1    0.754
51276     J075404.48+135714.7    0.02960    10.37     8.55     3.40    51.4    2.36    2.78    14.68    1.415     19.4     12.54     15.35    0.00     4.35     9.44    -0.94    1     9.91    1    1.000
31592     J075431.78+164826.2    0.04607    10.40     7.86    18.70    36.9    2.08    3.91    14.85    2.390     25.7     42.72     47.30    0.00     1.00     9.66    -0.74    1     0.00    0    0.000
36169     J075432.11+164815.1    0.04704    10.43     8.35    21.33    36.7    2.57    3.78    17.11    2.123     31.9     36.66     41.55    0.00     1.00     9.62    -0.80    1     0.00    0    0.000
51416     J075559.95+125853.2    0.04446    11.27     9.31     0.53    57.4    3.20    5.43    13.92    2.152      0.0      0.00      0.00    0.00     4.35     9.39    -1.88    2     9.48    4    0.203
51336     J075617.10+143609.6    0.04739    11.00     8.72     1.28    39.5    2.21    4.20    14.66    1.188      8.8      5.98      7.81    0.00     4.35     9.54    -1.46    1     0.00    0    0.405
31775     J075641.84+175928.2    0.04124    10.57     8.67    17.47    46.8    2.35    2.23    14.39    1.832     15.5     15.48     17.91    0.00     1.00     9.15    -1.42    1     0.00    0    0.000
56375     J075719.71+111221.8    0.04640    10.84     8.58     1.87    58.1    2.23    3.21    14.91    1.870     11.1      5.33      8.50    0.59     4.35     9.56    -1.28    1    10.09    1    0.531
56319     J080322.76+095745.8    0.03453    10.14     8.54     0.21    24.4    2.53    4.78    16.70    1.172      5.2      2.35      2.54    0.00     4.35     8.79    -1.35    1     8.66    4    0.936
56320     J080342.27+100159.7    0.03369    10.22     8.85     0.01    21.4    2.87    6.37    15.64    1.116      0.0      0.00      0.00    0.00     4.35     8.83    -1.39    2     0.00    0    0.953
51580     J080403.84+150518.4    0.03896    10.24     8.90     0.35    26.8    3.00    4.27    16.52    1.088      0.0      0.00      0.00    0.00     4.35     8.93    -1.31    2     0.00    0    0.953
51563     J080442.30+154632.6    0.02928    10.48     8.84     1.13    41.0    2.44    3.13    14.61    1.898     10.0      8.70     10.78    0.00     4.35     9.28    -1.20    1     9.64    1    0.754
56312     J080456.34+102621.0    0.03436    10.10     8.37     1.38    36.0    2.33    2.37    15.50    1.042     12.0      5.71      6.59    0.00     4.35     9.20    -0.90    1    10.14    1    0.936
56304     J080534.10+102336.2    0.03397    10.89     8.63     1.71    65.6    1.79    3.61    14.18    1.442      6.7      4.58      6.25    0.00     4.35     9.16    -1.73    1     9.93    3    0.531
17135     J080741.39+255531.0    0.04708    10.53     8.56    26.85    40.1    2.23    4.99    15.50    1.906      8.0      7.20      8.10    0.00     4.35     9.55    -0.97    1    10.22    1    0.000
26650     J080902.78+063734.3    0.04882    10.91     8.82     0.57    31.9    2.50    5.04    14.97    1.071      0.0      0.00      0.00    0.00     4.35     9.16    -1.76    2     0.00    0    0.405
32257     J082944.36+222527.8    0.02500    10.20     8.53     6.38    45.1    2.25    2.17    14.27    2.331     18.1     16.32     21.33    0.00     4.35     9.44    -0.76    1     0.00    0    0.000
19918     J083846.98+072850.5    0.04624    10.82     8.73     1.36    47.5    2.60    3.38    14.76    1.291      7.2      5.03      6.31    0.00     4.35     9.43    -1.39    1    10.38    1    0.531
32308     J083934.43+252837.6    0.02922    10.02     7.93     0.74    32.2    1.83    3.52    15.33    1.161      7.2      2.02      2.25    0.00     4.35     8.59    -1.42    1     9.27    1    0.936
56486     J084528.61+143425.6    0.03600    10.26     8.79     0.05    20.6    2.61    4.98    15.46    1.127      0.0      0.00      0.00    0.00     4.35     8.89    -1.37    2     0.00    0    0.953
56509     J085045.27+114839.0    0.02972    10.48     9.44     0.09    35.1    2.99    5.60    14.79    1.026      0.0      0.00      0.00    0.00     4.35     8.67    -1.81    2     0.00    0    0.754
 8096     J085254.99+030908.4    0.03453    10.28     8.62     1.20    38.4    2.42    2.81    15.33    1.135      0.0      0.00      0.00    0.00     4.35     8.87    -1.41    2     0.00    0    0.953
19989     J085425.62+081241.0    0.02942    10.46     9.13     0.02    33.3    3.19    5.73    14.78    0.982      0.0      0.00      0.00    0.00     4.35     8.66    -1.80    2     0.00    0    0.754
52297     J085724.03+204237.9    0.03283    10.49     9.00     0.44    35.3    3.03    4.19    15.03    1.119      0.0      0.00      0.00    0.00     4.35     8.81    -1.68    2     0.00    0    0.754
32568     J085857.78+285406.0    0.04254    10.36     8.26     7.28    42.4    2.26    2.03    14.86    0.981     21.7     10.56     12.75    0.00     4.35     9.66    -0.69    1     0.00    0    0.000
19949     J090011.06+074333.9    0.02886    10.69     8.76     2.35    42.7    2.31    3.70    14.20    2.103     16.5     15.60     21.34    0.00     4.35     9.56    -1.13    1     9.94    1    0.679
16695     J090115.64+040705.1    0.02814    10.07     8.09     2.18    82.1    2.53    3.18    15.85    1.540      6.9      5.14      6.43    0.00     4.35     9.02    -1.05    1    10.00    1    0.936
25752     J090124.57+101200.6    0.03676    10.56     8.44     2.64    43.8    2.25    2.55    14.49    2.456     10.3      7.32     10.76    0.21     4.35     9.47    -1.09    1    10.11    1    0.754
56662     J090254.93+133938.5    0.02989    10.24     8.41     0.60    42.1    2.37    4.71    15.90    1.167     14.8      8.70     10.73    0.00     4.35     9.29    -0.95    1     0.00    0    0.953
56612     J090307.74+134149.4    0.02903    10.27     9.23     0.03    25.4    2.95    5.07    15.29    1.142      0.0      0.00      0.00    0.00     4.35     8.70    -1.57    2     0.00    0    0.953
56650     J090308.20+133103.9    0.02888    10.24     9.37     0.05    20.8    2.94    5.81    15.50    1.168      0.0      0.00      0.00    0.00     4.35     8.70    -1.54    2     0.00    0    0.953
25763     J090311.24+100907.1    0.02962    10.11     8.28     2.42    54.0    2.05    2.20    14.63    2.466     15.4      9.06     13.72    0.27     4.35     9.39    -0.72    1     9.88    1    0.936
56632     J090437.07+133314.7    0.02806    11.00     9.27     1.60    69.2    2.81    4.94    13.59    1.015     25.2     16.80     19.76    0.33     4.35     9.50    -1.50    1     9.38    3    0.405
16655     J090439.54+053043.3    0.03338    10.63     8.92     1.65    53.5    3.10    3.52    14.46    1.058     11.8      6.96      8.07    0.45     4.35     9.26    -1.37    1    10.01    1    0.679
32619     J090459.97+282051.8    0.04864    10.01     8.35     3.81    23.4    2.53    1.89    15.71    1.010     10.1      4.12      4.42    0.00     4.35     9.32    -0.69    1     0.00    0    0.000
20041     J091427.70+080445.9    0.03085    10.03     8.65     0.03    29.5    2.85    4.77    15.78    1.061      0.0      0.00      0.00    0.00     4.35     8.73    -1.30    2     0.00    0    0.936
20042     J091444.06+083605.3    0.04683    10.01     8.35     2.17    17.7    2.31    2.64    16.30    1.136      0.0      0.00      0.00    0.00     4.35     9.10    -0.91    2     0.00    0    0.936
16756     J091717.67+064151.5    0.03326    10.43     9.04     0.02    31.1    3.22    5.85    15.22    0.905      0.0      0.00      0.00    0.00     4.35     8.73    -1.70    2     0.00    0    1.000
25852     J091804.51+105308.5    0.04838    10.23     7.97     8.68    36.5    1.97    2.84    15.77    0.996      4.0      2.15      2.77    0.00     4.35     9.11    -1.12    1     0.00    0    0.000
16815     J091831.34+065223.3    0.03928    10.63     9.56     0.06    23.0    3.31    5.96    15.60    1.103      0.0      0.00      0.00    0.00     4.35     8.93    -1.69    2     0.00    0    0.679
14712     J091858.06+055318.2    0.03827    10.55     8.34     9.75    35.5    1.93    2.47    14.37    2.361     25.0     19.50     22.23    0.00     4.35     9.82    -0.73    1     9.95    1    0.754
22436     J091954.54+325559.8    0.04916    10.42     9.62    20.58    58.8    2.08    3.18    17.34    2.074     30.4     38.40     49.46    0.00     1.00     9.74    -0.68    1     0.00    0    0.000
25844     J091959.74+100631.7    0.03262    10.25     9.46     0.04    20.7    2.76    5.62    15.65    1.130      0.0      0.00      0.00    0.00     4.35     8.78    -1.46    2     8.66    4    0.953
57017     J092229.28+142743.3    0.03232    10.54     9.10     0.27    38.4    3.08    4.00    16.22    1.316      6.9      4.61      5.08    0.00     4.35     9.03    -1.50    1     9.83    3    0.754
33039     J093026.66+274632.0    0.04338    10.37     8.38     8.57    40.0    2.28    1.76    14.78    1.960      9.7     10.62     12.79    0.00     4.35     9.68    -0.68    1    10.31    1    0.000
16841     J093136.49+065708.6    0.03184    10.06     8.18     1.94    32.4    2.41    2.49    15.29    1.831      9.9      5.85      7.47    0.00     4.35     9.19    -0.88    1    10.09    1    0.936
20165     J093231.96+094957.3    0.04979    10.82     9.26     0.00     NaN    3.09     NaN    15.34    1.130      0.0      0.00      0.00    0.00     4.35     9.15    -1.67    2     0.00    0    0.531
20133     J093236.58+095025.9    0.04890    10.86     8.73     0.00     NaN    2.30     NaN    14.69    1.783      9.1      7.14      8.88    0.00     4.35     9.62    -1.23    1     0.00    0    0.531
 8335     J093529.77+033918.1    0.04642    10.02     8.07     5.62    27.5    2.34    2.43    15.72    1.648      6.2      3.70      4.30    0.00     4.35     9.27    -0.75    1     0.00    0    0.000
 8347     J093858.50+040940.5    0.04627    10.68     9.04     0.09    22.6    2.85    6.04    15.29    1.107      0.0      0.00      0.00    0.00     4.35     9.09    -1.59    2     8.95    4    0.679
14784     J093923.27+062405.9    0.03179    11.07     9.14     1.79    56.2    2.90    3.78    13.59    1.412      6.8      5.83      7.38    0.00     4.35     9.18    -1.89    1    10.02    1    0.280
 8349     J093953.62+034850.2    0.02852    10.36     8.92     0.68    38.2    2.93    4.73    15.61    1.214     14.8      8.52      9.50    0.00     4.35     9.20    -1.17    1     0.00    0    1.000
26056     J095007.20+124446.0    0.02962    10.11     8.06     2.53    48.3    2.09    2.40    14.69    1.584      8.2      5.80      8.15    0.00     4.35     9.16    -0.95    1     9.86    2    0.936
18702     J095051.58+081340.7    0.02987    10.20     8.71     0.81    30.3    2.20    3.84    15.71    1.271      9.0      6.48      7.13    0.00     4.35     9.11    -1.09    1     9.27    3    0.953
22822     J095144.91+353719.6    0.02699    10.56     9.10     2.20    34.7    2.59    3.79    14.81    2.248     14.7     16.86     18.89    0.00     4.35     9.45    -1.11    1     0.00    0    0.754
18673     J095301.79+072736.4    0.03853    10.38     8.97     2.89    21.2    2.27    3.04    15.32    2.011     13.2     12.18     13.02    0.00     4.35     9.59    -0.79    1     9.33    3    1.000
18686     J095302.62+075029.3    0.04107    10.55     8.48     2.79    38.0    2.10    2.99    14.89    1.376     11.1      8.10     10.05    0.00     4.35     9.53    -1.02    1    10.31    3    0.754
18681     J095324.56+074956.2    0.03927    10.67     8.90     0.84    40.9    2.78    4.22    15.40    1.043      4.8      3.10      3.42    0.00     4.35     9.02    -1.65    1     9.70    3    0.679
26040     J095337.10+120745.3    0.03026    10.01     8.17     1.28    42.0    2.27    2.38    15.24    1.014      9.2      3.59      4.36    0.00     4.35     8.91    -1.10    1     9.80    1    0.936
20292     J095349.23+091137.6    0.02991    10.67     9.02     0.66    31.4    2.41    4.47    14.38    1.436      7.8      6.48      7.67    0.00     4.35     9.15    -1.53    1     9.20    3    0.679
20286     J095439.45+092640.7    0.03456    10.53     8.89     1.82    33.9    2.63    4.11    15.74    1.907     10.0     11.70     12.89    0.00     4.35     9.49    -1.04    1     9.48    3    0.754
 4914     J095633.45+015009.0    0.03316    10.03     8.79     0.03    21.1    2.63    4.71    15.86    0.880      0.0      0.00      0.00    0.00     4.35     8.70    -1.33    2     0.00    0    0.936
33737     J095851.33+320423.0    0.02703    10.69     8.84     0.00     NaN    2.43     NaN    14.28    1.289     11.0      9.36     12.92    0.00     4.35     9.29    -1.40    1     0.00    0    0.679
26151     J095908.76+130333.6    0.03619    10.32     8.14    10.04    70.2    2.17    2.62    15.41    2.405     12.7     15.78     20.89    0.00     4.35     9.74    -0.58    1    10.32    1    0.000
 5035     J100152.69+030040.7    0.04407    10.77     9.10     2.86    33.5    3.22    3.72    14.82    1.111      7.1      4.21      4.57    0.00     4.35     9.25    -1.52    1     9.57    3    0.531
14831     J100530.26+054019.4    0.04439    11.21     9.13     2.26    51.3    2.72    4.25    14.59    2.194      7.8      9.90     11.49    0.00     4.35     9.66    -1.56    1     9.95    3    0.203
18798     J101329.66+075415.5    0.04576    11.22     9.11     1.06    47.4    3.21    5.12    14.24    1.014      0.0      0.00      0.00    0.00     4.35     9.27    -1.95    2     9.64    3    0.203
14943     J101600.20+061505.2    0.04583    11.33     9.23     0.12    56.7    3.37    6.44    13.74    1.902      0.0      0.00      0.00    0.00     4.35     9.38    -1.95    2     9.50    4    0.203
26221     J101638.39+123438.5    0.03166    10.98     8.88     3.75    75.5    2.60    3.71    13.99    1.382     52.9     42.90     57.67    0.41     4.35    10.07    -0.91    1    10.11    1    0.405
26368     J101941.29+125034.7    0.03289    10.27     8.53     1.00    57.3    2.84    3.07    15.67    1.848     10.2      9.54     11.17    0.00     4.35     9.39    -0.88    1     9.93    1    0.953
18900     J102001.61+083053.6    0.04531    10.92     9.28     0.31    33.6    3.16    5.39    14.63    1.195      0.0      0.00      0.00    0.00     4.35     9.10    -1.82    2     9.09    4    0.405
18877     J102025.15+074037.8    0.04525    10.97     8.91     1.06    43.4    2.53    4.08    14.62    1.307      8.2      5.39      6.17    0.00     4.35     9.40    -1.56    1     9.61    3    0.405
18887     J102055.54+081849.4    0.04580    10.76     8.92     0.74    40.8    2.90    3.95    15.42    1.166      7.6      5.16      5.64    0.00     4.35     9.37    -1.39    1     9.76    3    0.531
 8724     J102231.19+043456.7    0.02857    10.87     9.22     2.14    65.9    3.02    3.75    13.78    1.833     15.2     15.48     18.81    0.48     4.35     9.50    -1.38    1     9.90    1    0.531
26320     J102238.71+120517.8    0.04497    10.71     9.20     0.20    23.7    2.94    4.89    15.48    1.079      0.0      0.00      0.00    0.00     4.35     9.16    -1.55    2     9.58    3    0.679
26311     J102309.58+121422.2    0.04478    11.13     8.90     1.04    67.9    3.08    4.71    14.33    1.261      5.6      3.58      4.43    0.00     4.35     9.25    -1.88    1    10.36    1    0.280
22999     J102316.42+115120.4    0.04547    10.64     8.62     3.86    36.8    2.10    3.79    15.46    2.059     14.5     12.18     13.81    0.00     4.35     9.76    -0.89    1     9.54    3    0.679
23088     J102636.10+120224.7    0.03138    10.62     8.40     1.89    56.8    1.93    2.72    14.29    1.798     14.5     12.48     18.99    0.49     4.35     9.58    -1.04    1     9.74    1    0.679
23026     J102721.97+110447.9    0.03234    11.16     9.10     0.57    86.7    3.17    5.29    13.94    1.461     14.9     14.76     19.34    0.76     4.35     9.61    -1.55    1     9.65    3    0.280
 5204     J102750.83+023634.0    0.02849    10.40     9.09     1.56    27.6    2.50    4.70    14.82    1.205      0.0      0.00      0.00    0.00     4.35     8.72    -1.68    2     0.00    0    1.000
55541     J103246.99+211256.3    0.04287    10.62     8.61     3.94    44.9    2.48    3.08    15.31    2.117     13.0     14.28     16.42    0.00     4.35     9.78    -0.84    1     0.00    0    0.679
23120     J103332.62+115232.1    0.03389    10.03     8.56     1.24    26.8    2.76    2.68    15.86    2.407     14.6     19.44     21.02    0.00     1.00     9.05    -0.98    1    10.15    1    0.936
23194     J103333.43+115216.9    0.03404    10.59     8.69     7.31    41.0    2.31    2.59    14.36    1.942     27.8     25.98     30.89    0.00     1.00     9.22    -1.37    1    10.19    1    0.754
26602     J103347.41+124358.1    0.03249    10.74     9.20     0.10    43.1    3.21    6.40    14.56    1.467      0.0      0.00      0.00    0.00     4.35     8.93    -1.82    2     8.95    4    0.679
26598     J103349.98+125242.0    0.02521    10.47     8.36     2.14    63.9    2.08    2.87    14.08    1.531     15.1     10.20     17.30    0.00     4.35     9.35    -1.12    1    10.29    1    0.754
26570     J103905.90+132153.5    0.03245    10.00     8.32     0.98    23.9    2.17    2.97    15.66    1.239      7.8      3.96      4.65    0.00     4.35     9.00    -1.00    1     8.87    3    0.936
23227     J103913.15+121130.9    0.04791    11.18     9.09     0.93    64.0    3.18    4.85    14.51    1.076      6.9      3.91      4.46    0.00     4.35     9.31    -1.87    1    10.05    3    0.280
23228     J103920.02+114128.1    0.04785    11.04     9.26     0.29    33.1    3.18    5.62    14.70    1.140      0.0      0.00      0.00    0.00     4.35     9.14    -1.90    2     9.26    4    0.405
15181     J104002.96+060114.0    0.04685    11.18     8.73     0.94    67.2    2.94    4.78    14.95    1.559      9.6      8.34     10.64    0.00     4.35     9.67    -1.51    1    10.34    3    0.280
26629     J104020.76+132812.4    0.03142    10.32     8.87     0.62    40.4    3.04    2.92    14.99    1.133      0.0      0.00      0.00    0.00     4.35     8.71    -1.61    2     9.78    1    1.000
15211     J104024.66+065137.7    0.03034    10.89     9.17     0.62    61.2    2.96    4.64    14.70    1.155     25.0     17.10     20.47    0.30     4.35     9.58    -1.30    1     9.84    3    0.531
26639     J104046.05+134659.9    0.03174    10.24     8.54     0.11    35.4    2.45    5.42    15.88    1.147      8.6      4.30      4.81    0.00     4.35     8.99    -1.25    1     8.82    3    0.953
15155     J104055.19+055929.0    0.02773    10.19      NaN     2.15    79.6     NaN     NaN      NaN    1.751     32.9     33.24     48.58    0.00     4.35     9.88    -0.31    1     9.85    1    0.953
15166     J104121.14+061644.3    0.03392    10.02     8.10     0.99    34.3    2.07    2.35    15.33    1.447      4.3      2.33      2.80    0.00     4.35     8.81    -1.20    1     9.49    3    0.936
15165     J104142.37+061145.3    0.03299    10.54     8.74     0.69    51.3    2.73    4.27    15.43    1.612      4.7      4.58      5.37    0.00     4.35     9.07    -1.46    1     0.00    0    0.754
29555     J104145.56+135352.9    0.03163    10.38     8.88     0.58    33.7    3.11    4.55    14.94    1.020      4.0      1.76      1.98    0.00     4.35     8.60    -1.78    1     9.24    3    1.000
23315     J104200.74+114648.0    0.03295    10.45     9.05     0.35    24.7    2.50    4.34    15.05    1.087      0.0      0.00      0.00    0.00     4.35     8.78    -1.67    2     8.80    3    0.754
15151     J104251.39+055135.5    0.03344    10.99     9.24     1.15    63.7    2.94    4.93    14.39    1.042     23.7     15.60     17.75    0.49     4.35     9.60    -1.38    1     9.66    3    0.405
23320     J104329.94+120515.8    0.02663    10.12     8.42     1.72    43.7    2.55    2.37    14.69    1.340      9.9      5.68      7.30    0.00     4.35     9.03    -1.09    1     9.93    1    0.936
23245     J104339.07+120338.3    0.02623    10.11     8.07     1.72    42.9    1.77    2.50    14.73    2.400     10.6      3.51      4.19    0.00     4.35     8.77    -1.34    1     9.84    1    0.936
 8914     J104402.21+043946.8    0.02661    10.42     8.50     2.14    40.5    2.00    2.76    14.25    2.082     13.5     12.36     17.41    0.37     4.35     9.40    -1.02    1     9.73    1    1.000
29594     J104639.64+140647.4    0.03356    10.03     8.56     0.06    28.3    2.91    5.33    16.01    1.139      0.0      0.00      0.00    0.00     4.35     8.83    -1.20    2     8.76    4    0.936
29596     J104702.82+141548.0    0.03240    10.68     9.01     0.54    42.6    3.01    5.29    14.45    1.018      0.0      0.00      0.00    0.00     4.35     8.74    -1.94    2     9.74    1    0.679
15257     J104805.79+060114.4    0.02879    10.09     8.94     0.05    19.7    2.75    5.45    15.75    0.965      0.0      0.00      0.00    0.00     4.35     8.62    -1.47    2     0.00    0    0.936
15242     J105016.92+060721.3    0.04221    10.61     9.00     0.08    29.3    3.25    5.60    14.96    1.084      0.0      0.00      0.00    0.00     4.35     9.00    -1.61    2     8.81    4    0.679
23419     J105118.51+124523.4    0.03997    10.39     8.55     3.38    32.8    2.15    2.94    15.37    1.922     10.2      9.06     10.12    0.00     4.35     9.51    -0.88    1    10.01    1    1.000
34723     J105134.08+301221.8    0.03565    10.57     8.91     0.08    31.2    3.20    5.60    15.03    1.043      0.0      0.00      0.00    0.00     4.35     8.86    -1.71    2     0.00    0    0.754
 8953     J105241.71+040913.9    0.04246    10.95     9.08     0.18    39.0    2.83    5.56    14.81    1.217      0.0      0.00      0.00    0.00     4.35     9.08    -1.87    2     0.00    0    0.405
 8945     J105315.29+042003.1    0.04169    10.82     9.37     2.34    30.0    2.94    4.60    15.27    1.558      9.5      8.40      8.92    0.00     4.35     9.49    -1.33    1     0.00    0    0.531
23441     J105316.22+113820.0    0.02781    10.54     9.14     0.54    48.5    2.89    4.22    14.78    1.137      0.0      0.00      0.00    0.00     4.35     8.72    -1.82    2     9.68    1    0.754
23408     J105322.36+111050.4    0.04302    11.04     8.84     0.29    55.7    3.19    5.53    14.20    1.392      0.0      0.00      0.00    0.00     4.35     9.21    -1.83    2     9.26    4    0.405
23450     J105648.58+120535.7    0.04763    10.81     9.24     0.25    25.5    3.13    5.51    15.19    1.064      0.0      0.00      0.00    0.00     4.35     9.09    -1.71    2     8.96    4    0.531
23453     J105800.29+115913.6    0.03481    10.12     8.08     0.00     NaN    1.90     NaN    15.02    1.838      4.4      3.85      5.32    0.00     4.35     9.12    -1.01    1     9.83    1    0.936
17659     J105807.59+091633.9    0.03444    11.17     9.23     0.71    59.6    3.16    5.61    13.66    2.587      0.0      0.00      0.00    0.00     4.35     9.29    -1.88    2     9.27    4    0.280
17640     J105929.94+084233.1    0.03486    11.04     9.18     0.07    54.7    3.08    5.61    14.51    1.555      0.0      0.00      0.00    0.00     4.35     9.13    -1.92    2     9.60    3    0.405
 5442     J110032.51+020657.8    0.03939    11.10     8.62     7.86    61.1    1.75    2.99    13.95    2.318     10.7     12.42     15.94    0.52     4.35     9.70    -1.41    1    10.47    3    0.280
17684     J110037.27+102613.9    0.03612    11.08     9.04     0.22    45.7    2.47    6.05    14.13    1.728      0.0      0.00      0.00    0.00     4.35     9.14    -1.94    2     9.29    4    0.280
29624     J110050.33+133551.4    0.03400    10.32     8.59     0.94    38.9    2.49    4.17    15.92    1.701     14.3     11.70     13.50    0.00     4.35     9.50    -0.82    1     9.60    3    1.000
29699     J110818.34+131327.5    0.03401    11.01     8.92     0.52    59.2    3.35    5.15    14.11    1.711      0.0      0.00      0.00    0.00     4.35     9.16    -1.85    2     9.21    4    0.405
23577     J110949.30+124617.3    0.04260    10.44     8.46    16.02    44.1    2.27    1.86    14.86    2.104     14.5     12.18     14.78    0.00     4.35     9.73    -0.71    1    10.56    1    0.000
48369     J111113.01+284242.8    0.02931    10.32     9.94     6.85    20.2    2.05    3.99    16.71    2.990     43.8     64.80     66.40    0.00     1.00     9.43    -0.89    1     0.00    0    0.000
12372     J111304.05+050546.1    0.02720    10.01     9.25     0.01    18.1    2.81    5.52    15.55    1.064      0.0      0.00      0.00    0.00     4.35     8.60    -1.40    2     0.00    0    0.936
12371     J111306.40+051403.0    0.04318    10.80     8.89     2.72    40.7    2.89    3.34    14.72    1.574      8.8      6.06      7.43    0.00     4.35     9.44    -1.35    1     9.87    3    0.531
12318     J111443.35+040128.2    0.04165    11.21     9.23     0.40    53.2    3.28    5.60    13.88    1.035      0.0      0.00      0.00    0.00     4.35     9.10    -2.11    2     9.46    3    0.203
48521     J111738.91+263506.0    0.04751    10.29     9.30     1.45    16.9    3.19    3.06    15.90    1.045      6.0      2.43      2.50    0.00     4.35     9.05    -1.24    1     9.48    1    0.953
24496     J111809.91+074653.9    0.04206    10.60     8.90     2.84    30.5    2.50    3.41    15.45    1.278     19.5     12.66     13.87    0.00     4.35     9.69    -0.91    1     0.00    0    0.679
12455     J112017.79+041913.3    0.04910    11.45     9.28     0.30    54.8    3.42    6.26    13.84    1.877      0.0      0.00      0.00    0.00     4.35     9.43    -2.02    2     9.58    4    0.207
12293     J112029.23+040742.1    0.04965    11.32     8.87     1.50    52.9    2.41    4.44    14.16    1.164      7.3      5.44      7.63    0.00     4.35     9.57    -1.74    1     9.76    3    0.203
12460     J112048.30+035021.0    0.04942    10.98     8.97     0.62    48.1    3.13    5.13    15.14    1.038      3.9      2.68      3.02    0.00     4.35     9.17    -1.81    1     9.19    4    0.405
12458     J112118.26+033953.0    0.03936    11.04     9.30     0.03    40.0    3.20    5.77    14.18    1.598      0.0      0.00      0.00    0.00     4.35     9.13    -1.90    2     9.20    4    0.405
29842     J112131.76+132535.7    0.03408    10.80     8.82     3.43    56.0    2.59    3.69    14.33    2.085     13.5     16.86     20.26    0.53     4.35     9.68    -1.12    1     9.55    3    0.531
 5872     J112233.99+031438.0    0.04456    10.53     9.08     0.07    25.2    3.36    5.80    15.45    1.077      0.0      0.00      0.00    0.00     4.35     9.04    -1.50    2     0.00    0    0.754
23685     J112311.63+130703.7    0.04696    10.70     8.94     3.61    32.5    3.01    3.32    15.17    2.023     11.1     12.66     13.93    0.00     4.35     9.79    -0.92    1    10.22    1    0.679
  522     J112418.64+003837.4    0.02637    10.08     8.25     4.43    51.7    2.21    1.77    14.28    2.453     13.5      6.72      9.67    0.00     4.35     9.14    -0.94    1     0.00    0    0.000
48604     J112746.27+265734.5    0.03336    10.60     8.95     0.94    32.1    2.33    3.20    14.64    1.222      5.5      3.42      3.95    0.00     4.35     8.95    -1.65    1     9.36    1    0.754
17865     J112920.69+083608.3    0.02698    10.28     8.08     1.57    53.2    2.03    2.72    14.50    1.920      9.8      7.14     11.37    0.34     4.35     9.23    -1.06    1     9.66    1    0.953
29892     J112946.35+152001.1    0.03664    11.02     9.06     1.84    54.6    2.85    3.81    13.88    1.275      7.6      6.36      7.74    0.42     4.35     9.32    -1.70    1     9.90    3    0.405
12533     J113116.03+043908.7    0.03310    10.09     8.09     5.72    37.3    2.05    1.79    14.64    2.219     17.1      9.24     12.92    0.00     4.35     9.46    -0.63    1    10.14    1    0.000
29898     J113149.00+155350.9    0.03644    10.18     9.12     0.02    17.8    3.26    5.94    15.77    1.128      0.0      0.00      0.00    0.00     4.35     8.88    -1.30    2     0.00    0    0.953
29871     J113212.42+132932.8    0.03425    10.17     8.22     2.41    33.8    2.09    2.67    15.10    1.193      7.9      4.31      4.70    0.00     4.35     9.05    -1.13    1     9.79    1    0.953
18220     J120536.25+104113.3    0.03438    10.50     8.83     0.30    34.5    2.75    4.71    15.17    1.085      0.0      0.00      0.00    0.00     4.35     8.84    -1.66    2     0.00    0    0.754
18202     J121134.94+092106.8    0.02695    10.25     9.02     0.02    26.2    2.94    5.55    15.00    1.099      0.0      0.00      0.00    0.00     4.35     8.64    -1.61    2     8.67    4    0.953
24149     J121356.24+134035.2    0.04219    10.33     8.39     0.48    32.6    3.34    3.93    15.90    1.083      0.0      0.00      0.00    0.00     4.35     9.11    -1.22    2    10.15    1    1.000
30175     J121602.67+141121.8    0.02536    10.74     9.13     0.00     NaN    2.90     NaN    13.98    1.488      0.0      0.00      0.00    0.00     4.35     8.75    -1.98    2     0.00    0    0.679
24168     J121612.36+132615.4    0.02605    10.44     8.85     0.23    49.2    2.83    4.77    14.96    1.241      5.0      3.16      3.62    0.00     4.35     8.70    -1.74    1     9.42    3    1.000
24183     J121744.10+131015.7    0.04286    10.77     8.73     5.51    45.4    2.58    2.31    14.24    2.116     17.2     17.34     22.52    0.20     4.35     9.92    -0.85    1    10.21    1    0.531
24741     J121750.81+082549.0    0.04921    10.91     8.98     7.11    42.3    2.92    2.64    14.68    1.323      9.8      7.62      8.64    0.00     4.35     9.62    -1.30    1    10.11    3    0.405
18335     J121853.94+100010.1    0.04307    10.87     9.17     0.07    35.0    3.17    6.03    14.83    1.196      0.0      0.00      0.00    0.00     4.35     9.17    -1.70    2     9.58    3    0.531
18421     J122006.47+100429.2    0.04337    10.60     8.80     3.46    31.8    3.53    4.10    14.97    1.654      8.2      5.10      5.71    0.00     4.35     9.33    -1.27    1     9.20    3    0.679
24094     J122030.18+112027.3    0.04307    11.08     8.91     1.05    43.2    2.56    4.31    14.26    1.466      6.4      5.66      7.10    0.00     4.35     9.42    -1.66    1     9.26    4    0.280
30332     J122312.26+142320.2    0.04247    10.49     8.32    13.70    51.0    2.16    2.01    14.58    2.142     18.7     18.48     24.94    0.00     4.35     9.95    -0.54    1    10.33    1    0.000
30338     J122319.58+141813.4    0.04180    10.95     8.97     1.49    52.4    2.92    4.76    14.70    1.182      0.0      0.00      0.00    0.00     4.35     9.18    -1.77    2     9.64    3    0.405
 6375     J122727.61+031807.6    0.04876    11.05     8.92    10.13    61.4    3.04    2.65    14.55    1.457     11.4     10.20     12.75    0.61     4.35     9.78    -1.27    1    10.47    3    0.280
18469     J123251.49+084423.9    0.03378    10.15     8.24     2.11    27.4    1.80    2.51    15.19    1.610      7.5      4.83      5.21    0.00     4.35     9.08    -1.07    1     9.42    3    0.953
30439     J123410.30+155805.5    0.04609    11.05     8.48    39.74    65.6    2.11    2.94    14.23    1.991     24.8     28.80     39.97    0.00     4.35    10.23    -0.83    1    10.43    1    0.000
12970     J123553.79+054539.8    0.04177    10.89     8.51     0.44    51.3    2.76    5.50    14.39    1.076      0.0      0.00      0.00    0.00     4.35     9.13    -1.76    2     9.11    4    0.531
24426     J123622.72+133610.3    0.03053    10.12     8.10     2.03    47.3    2.08    2.43    14.84    1.466     11.3      6.54      9.31    0.00     4.35     9.25    -0.88    1     9.99    1    0.936
12966     J123632.24+061010.5    0.03952    11.18     9.00     0.64    51.6    2.57    5.25    13.96    1.878      0.0      0.00      0.00    0.00     4.35     9.27    -1.92    2     9.38    4    0.280
30479     J123708.06+142426.9    0.03075    10.29     9.19     0.05    21.7    2.91    5.46    15.35    1.246      0.0      0.00      0.00    0.00     4.35     8.79    -1.50    2     8.54    4    0.953
28143     J123711.40+083929.8    0.02826    10.30     8.83     0.44    42.3    2.88    3.11    14.99    1.274      0.0      0.00      0.00    0.00     4.35     8.78    -1.53    2     9.61    3    1.000
30471     J123753.20+141652.7    0.02627    10.83     9.11     0.06    53.0    2.98    5.58    13.65    2.100      0.0      0.00      0.00    0.00     4.35     8.96    -1.87    2     9.00    4    0.531
24366     J123938.86+122507.9    0.04106    10.86     9.51     0.09    32.6    3.24    5.76    14.96    1.041      0.0      0.00      0.00    0.00     4.35     8.95    -1.91    2     9.08    4    0.531
12983     J124032.46+052119.9    0.04659    11.04     8.98     0.69    42.0    2.71    4.35    14.68    1.029      0.0      0.00      0.00    0.00     4.35     9.16    -1.87    2     9.66    3    0.405
28168     J124054.96+080323.2    0.04783    10.18     9.07     0.92    14.6    2.93    3.22    16.26    1.402      6.1      3.12      3.22    0.00     4.35     9.17    -1.02    1     9.89    1    0.953
50550     J124128.01+284728.3    0.03502    10.29     8.62     1.36    28.1    2.21    3.27    15.14    2.278     10.3     11.16     12.44    0.00     4.35     9.49    -0.80    1     0.00    0    0.953
 6506     J124309.36+033452.2    0.04867    10.77     8.52     6.84    41.5    1.97    3.05    14.89    2.004     15.8     16.92     20.83    0.29     4.35     9.99    -0.78    1     9.96    3    0.531
13037     J124314.97+040502.0    0.04855    11.03     9.18     0.25    36.7    3.28    5.85    14.72    0.944      0.0      0.00      0.00    0.00     4.35     9.07    -1.96    2     9.26    4    0.405
28461     J124622.67+115235.7    0.04435    11.36     9.19     0.52    55.1    3.32    5.87    13.76    1.870      0.0      0.00      0.00    0.00     4.35     9.35    -2.01    2     9.43    4    0.207
 6565     J124938.19+024520.2    0.04765    10.89     9.22     0.04    34.0    3.29    5.88    14.91    1.049      0.0      0.00      0.00    0.00     4.35     9.09    -1.80    2     9.13    4    0.531
 6583     J125055.79+031149.3    0.04834    11.20     9.12     0.34    47.2    3.25    5.59    14.15    1.621      0.0      0.00      0.00    0.00     4.35     9.34    -1.87    2     9.48    4    0.203
13005     J125125.64+035159.5    0.04871    10.28     8.32     9.40    29.0    2.10    2.11    15.16    2.097     15.6     12.42     14.76    0.00     4.35     9.84    -0.44    1     9.98    1    0.000
26822     J125129.06+134654.5    0.03756    11.03     8.89     4.80    59.2    2.49    3.48    13.81    1.991     16.8     18.66     24.49    0.34     4.35     9.84    -1.19    1     9.88    3    0.405
13074     J125134.48+055148.8    0.04861    10.85     8.98     3.50    37.3    2.68    3.37    15.26    2.068     11.1     12.72     14.19    0.00     4.35     9.82    -1.03    1    10.18    1    0.531
40494     J125704.49+103714.5    0.04628    11.16     9.00     1.96    39.8    2.52    3.86    14.20    1.502      6.9      5.83      7.48    0.00     4.35     9.50    -1.66    1     9.96    3    0.280
40500     J125911.09+103006.0    0.04599    10.88     9.07     0.24    32.4    3.42    5.22    14.91    1.112      0.0      0.00      0.00    0.00     4.35     9.10    -1.78    2     9.12    4    0.531
30508     J125926.22+142030.0    0.04709    11.02     8.88     0.33    44.1    3.38    5.25    14.60    1.218      0.0      0.00      0.00    0.00     4.35     9.20    -1.83    2     9.28    4    0.405
13227     J125950.03+050251.2    0.04832    11.22     8.75     1.79    48.2    2.40    4.45    14.18    1.579      7.1      5.24      8.01    0.00     4.35     9.57    -1.65    1     9.66    3    0.203
40439     J130415.04+091324.4    0.03501    10.95     8.60     3.47    70.8    2.18    2.61    13.60    2.042     19.3     16.14     31.56    0.51     4.35     9.89    -1.06    1    10.23    1    0.405
25154     J130457.41+120444.6    0.03581    11.13     9.18     0.07    54.4    3.00    5.93    13.81    1.890      0.0      0.00      0.00    0.00     4.35     9.18    -1.95    2     9.32    4    0.280
13159     J130525.44+035929.7    0.04368    10.37     8.86     0.12    21.6    2.62    5.27    16.62    1.281      6.0      3.94      4.18    0.00     4.35     9.20    -1.17    1     0.00    0    1.000
 6749     J130750.80+031140.7    0.03855    11.12     8.92     1.60    73.2    2.57    4.25    14.06    1.020     14.7      8.46     10.72    0.40     4.35     9.51    -1.61    1     9.83    3    0.280
40570     J131104.94+084828.3    0.03253    11.14     9.08     0.02    63.0    2.82    5.61    13.43    2.603      0.0      0.00      0.00    0.00     4.35     9.25    -1.89    2     9.22    4    0.280
25214     J131232.81+114344.2    0.03110    11.16     9.18     0.29    66.3    3.19    5.92    13.46    2.526      0.0      0.00      0.00    0.00     4.35     9.22    -1.95    2     9.14    4    0.280
51025     J131745.60+262910.7    0.04500    10.25     8.79     0.74    22.9    3.03    2.93    16.44    0.738      0.0      0.00      0.00    0.00     4.35     8.80    -1.45    2     9.84    1    0.953
40781     J131934.30+102717.5    0.04804    11.10     9.11     3.41    58.9    3.19    4.05    14.56    1.853     10.7     11.82     13.72    0.46     4.35     9.80    -1.30    1     9.95    3    0.280
51161     J132522.77+271456.7    0.03448    10.15     8.21     2.60    45.5    2.51    2.84    15.38    1.626     12.6      8.52     10.53    0.00     4.35     9.40    -0.74    1     9.56    1    0.936
25448     J133003.89+121030.6    0.04471    10.68     8.38     1.58    42.2    2.40    2.60    14.71    1.583      5.5      2.97      4.28    0.00     4.35     9.23    -1.45    1    10.11    1    0.679
25347     J133019.15+113042.5    0.03776    11.09     9.22     0.34    53.6    3.61    5.90    13.91    1.917      0.0      0.00      0.00    0.00     4.35     9.20    -1.89    2     9.26    4    0.280
25327     J133224.23+110622.8    0.03144    10.03     8.60     5.29    41.6    3.00    2.26    15.28    2.104    103.8    106.80    115.47    0.00     1.00     9.73    -0.31    1     0.00    0    0.000
40024     J133338.20+131409.6    0.04319    11.16     9.17     1.11    46.8    3.28    4.99    14.26    1.200      3.1      2.44      2.94    0.00     4.35     9.04    -2.12    1     9.93    3    0.280
13512     J133612.18+044424.3    0.03431    10.73     9.47     1.89    34.4    2.88    4.45    14.19    1.553      3.2      2.35      2.51    0.00     4.35     8.78    -1.96    1     9.93    1    0.679
  947     J133647.92+010914.0    0.04708    10.39     8.16     7.89    39.7    2.12    1.83    14.89    1.908     11.4      9.00     11.80    0.00     4.35     9.72    -0.67    1     0.00    0    0.000
35649     J134003.12+290814.2    0.04470    10.25     8.39     5.75    46.4    2.63    2.02    15.50    1.412      9.7      6.90      7.90    0.00     4.35     9.50    -0.75    1     0.00    0    0.000
13551     J134505.90+034815.3    0.03315    10.05     8.67     0.46    25.2    2.70    4.81    15.75    0.919      0.0      0.00      0.00    0.00     4.35     8.72    -1.32    2     8.70    4    0.936
 7031     J134647.18+020712.1    0.03305    10.60     9.31     0.09    35.8    3.16    5.11    15.39    1.186      0.0      0.00      0.00    0.00     4.35     8.87    -1.72    2     9.12    3    0.754
 7050     J134909.69+024511.5    0.04889    10.99     8.99     0.41    30.4    2.16    3.25      NaN    1.236      3.9      2.40      2.64    0.00     4.35     9.10    -1.89    1     9.25    4    0.405
44718     J135034.46+292222.4    0.03828    10.45     8.35    11.65    43.3    2.40    2.83    14.72    1.902     21.2     18.06     22.51    0.00     4.35     9.82    -0.63    1     0.00    0    0.000
13624     J135152.41+032718.0    0.02963    10.31     8.38     4.00    43.3    2.12    2.50    14.41    2.001     15.3     13.62     17.87    0.36     4.35     9.50    -0.81    1    10.20    3    1.000
44710     J135156.88+291844.6    0.03554    10.16     8.05    14.45    38.3    2.05    3.98    15.33    1.354      6.6      3.36      4.29    0.00     4.35     9.04    -1.12    1     0.00    0    0.000
35981     J135308.35+354250.5    0.04113    10.30     8.25     1.82    72.9    2.21    2.50    15.31    0.913      5.4      2.59      3.72    0.00     4.35     9.10    -1.20    1     0.00    0    0.953
40317     J135533.72+144552.7    0.04083    11.07     9.29     0.49    44.5    3.39    5.45    14.33    1.655      0.0      0.00      0.00    0.00     4.35     9.18    -1.89    2     9.27    4    0.280
44892     J135609.30+251143.6    0.02897    10.66     9.00     0.20    41.7    3.27    5.59    14.40    1.175      0.0      0.00      0.00    0.00     4.35     8.77    -1.90    2     0.00    0    0.679
40257     J135842.23+132722.9    0.03933    11.13     9.07     0.43    53.1    3.22    5.72    13.94    1.848      0.0      0.00      0.00    0.00     4.35     9.25    -1.89    2     9.32    4    0.280
40247     J135942.61+124412.5    0.03917    11.35     9.32     0.64    63.9    3.37    5.69    13.60    2.223      0.0      0.00      0.00    0.00     4.35     9.31    -2.04    2     9.37    4    0.207
13666     J140008.99+040450.8    0.04046    10.18     8.56     9.73    25.0    2.21    1.52    14.95    1.564     15.7     11.70     12.93    0.00     4.35     9.63    -0.55    1     9.69    1    0.000
44942     J140205.90+260339.1    0.03293    10.44     8.57     9.92    57.1    2.18    2.17    14.37    2.361     15.8     19.32     25.06    0.00     4.35     9.74    -0.70    1    10.10    1    0.000
31188     J140312.00+344104.5    0.04419    10.01     7.99     3.63    36.2    2.07    1.71    15.42    1.522      9.5      2.60      3.38    0.00     4.35     9.12    -0.89    1     0.00    0    0.000
 9301     J140316.98+042147.4    0.04623    11.33     9.77     1.92    28.8    2.92    3.36    15.38    1.958      8.8      8.94      9.48    0.00     4.35     9.61    -1.73    1     9.87    3    0.203
30746     J140908.49+061048.8    0.03629    10.32     9.18     0.03    27.0    2.92    5.91    15.55    0.955      0.0      0.00      0.00    0.00     4.35     8.81    -1.52    2     0.00    0    1.000
 7286     J141432.05+031124.9    0.02688    10.73     8.97     2.09    53.5    2.49    4.56    13.54    1.413      4.9      3.43      4.33    0.00     4.35     8.81    -1.92    1     8.89    4    0.679
 9384     J141509.84+042840.4    0.04908    10.79     8.73     1.19    38.8    2.61    3.72    15.14    0.863      0.0      0.00      0.00    0.00     4.35     9.12    -1.67    2     9.91    3    0.531
38462     J141545.94+102619.8    0.02579    10.75     8.90     1.40    52.6    2.36    4.39    14.07    2.216     15.2     17.04     22.03    0.37     4.35     9.48    -1.27    1     8.82    3    0.679
38472     J141608.76+103543.8    0.02637    10.19     8.89     0.10    34.2    3.07    5.45    14.99    1.194      0.0      0.00      0.00    0.00     4.35     8.65    -1.54    2     8.52    4    0.953
38591     J141740.51+103459.9    0.02713    10.28     8.77     0.05    36.1    3.45    6.03    14.91    1.039      0.0      0.00      0.00    0.00     4.35     8.65    -1.63    2     8.46    4    0.953
 1115     J141814.91+005328.0    0.02595    10.11     8.09     8.46    69.3    2.31    1.73    14.10    2.374     22.2     17.94     30.13    0.00     4.35     9.62    -0.49    1     0.00    0    0.000
41323     J141822.46+080551.0    0.04396    11.02     9.00     0.21    47.8    3.24    5.53    14.39    1.298      0.0      0.00      0.00    0.00     4.35     9.15    -1.87    2     9.16    4    0.405
30811     J141845.69+055004.7    0.04891    11.28     9.21     0.83    55.1    3.19    5.26    14.21    1.676      0.0      0.00      0.00    0.00     4.35     9.33    -1.95    2     9.53    4    0.203
 9507     J142032.84+050638.3    0.04961    10.73     8.84     0.32    25.5    2.50    4.85    15.44    0.982      0.0      0.00      0.00    0.00     4.35     9.10    -1.62    2     8.98    4    0.679
 9483     J142056.54+035217.4    0.03541    10.71     8.93     3.74    33.4    2.46    2.70    14.41    2.253     10.4      9.00     10.85    0.00     4.35     9.44    -1.27    1     9.79    1    0.679
 9514     J142209.71+043116.1    0.02674    10.51     9.00     0.45    37.1    2.97    4.53    14.88    1.209      3.5      2.31      2.78    0.00     4.35     8.61    -1.90    1     9.56    3    0.754
 1137     J142314.68+005842.0    0.04007    10.28     7.97     6.51    38.8    1.99    1.86    14.90    1.840     15.5      6.96      8.04    0.00     4.35     9.41    -0.87    1     0.00    0    0.000
 9463     J142505.50+031359.3    0.03557    10.79     9.19     1.28    49.9    3.13    4.54    14.48    1.099      0.0      0.00      0.00    0.00     4.35     8.96    -1.84    2     9.15    3    0.531
 7457     J142713.78+025048.6    0.03567    10.81     9.12     0.08    44.5    3.16    5.82    14.38    0.912      0.0      0.00      0.00    0.00     4.35     8.80    -2.01    2     9.03    4    0.531
 7493     J142720.13+025018.1    0.02644    10.56     8.95     1.39    46.1    2.43    3.70    14.49    2.473     20.8     26.40     30.74    0.34     4.35     9.64    -0.92    1     9.41    3    0.754
 9551     J142732.37+044917.8    0.02688    10.91     9.21     2.77    60.3    2.80    3.86    13.72    2.186     40.6     53.16     64.17    0.19     4.35     9.98    -0.93    1    10.00    1    0.405
 9619     J142833.30+031543.1    0.02772    11.04     8.86     0.66    95.6    2.71    4.65    13.54    1.132      5.7      4.21      5.75    0.00     4.35     8.96    -2.08    1     9.73    3    0.405
 9607     J143043.65+031149.3    0.02678    10.26     9.28     0.03    35.5    3.04    5.79    15.06    1.199      0.0      0.00      0.00    0.00     4.35     8.65    -1.61    2     0.00    0    0.953
 7561     J143335.68+023819.3    0.02827    10.59     9.05     0.43    66.3    3.28    4.02    14.59    1.157      6.1      3.38      3.80    0.00     4.35     8.79    -1.79    1     9.82    3    0.754
 9814     J143348.34+035724.7    0.02926    10.87     8.93     0.71    49.3    2.36    4.21    13.90    2.335     13.9     12.72     17.95    0.27     4.35     9.50    -1.38    1     9.28    3    0.531
 9601     J143351.42+034046.1    0.02881    10.83     9.33     0.13    47.6    3.18    6.09    14.18    2.127      0.0      0.00      0.00    0.00     4.35     8.99    -1.85    2     9.08    4    0.531
24973     J143518.37+350707.2    0.02850    10.61     8.85    15.53    47.5    2.24    2.69    13.51    3.013     62.3     44.16     56.30    0.00     1.00     9.33    -1.28    1     0.00    0    0.000
 1221     J143525.34+002003.6    0.03455    10.20     8.61     6.62    23.4    2.04    2.10    14.78    2.397     25.5     19.50     22.34    0.00     4.35     9.73    -0.47    1     0.00    0    0.000
 9917     J144025.99+033556.0    0.02815    10.66     9.60     0.10    32.5    3.04    5.58    14.53    1.528      0.0      0.00      0.00    0.00     4.35     8.80    -1.86    2     8.88    4    0.679
 9704     J144059.30+030813.5    0.02654    10.95     9.12     0.18    70.7    2.72    5.37    13.77    1.236     15.8     12.72     15.59    0.48     4.35     9.35    -1.60    1     9.08    4    0.405
 9948     J144414.74+041306.7    0.02560    10.70     9.20     0.59    81.4    2.56    3.66    14.00    1.556      0.0      0.00      0.00    0.00     4.35     9.02    -1.68    2    10.03    1    0.679
41728     J144434.33+085613.5    0.02789    10.18     9.72     6.02    67.2    2.08    4.03    15.24    1.615      7.2      5.64      7.62    0.00     4.35     9.08    -1.10    1     0.00    0    0.000
38809     J144620.24+103119.8    0.03155    10.06     8.37     4.29    42.4    1.85    3.88    16.32    1.888     13.2     12.12     13.82    0.00     4.35     9.45    -0.61    1     0.00    0    0.000
38758     J144743.50+093217.4    0.02912    10.78     9.55     0.26    49.8    3.33    5.37    14.10    1.208      5.1      3.76      4.01    0.00     4.35     8.84    -1.94    1     9.32    3    0.531
38748     J144859.36+093017.1    0.04666    10.90     9.37     0.07    34.3    3.26    6.06    14.97    1.198      0.0      0.00      0.00    0.00     4.35     9.22    -1.68    2     9.21    3    0.405
38717     J144929.32+090445.1    0.04054    10.41     8.44     3.22    38.3    2.55    3.02    15.35    2.054      5.7      5.72      6.82    0.00     4.35     9.35    -1.06    1     9.75    3    1.000
10019     J145153.39+032147.7    0.03077    10.68     8.65     1.52    64.8    2.48    2.95    14.20    2.209     12.2     13.26     17.41    0.42     4.35     9.53    -1.15    1    10.23    3    0.679
42191     J145403.73+305046.4    0.03197    10.12     9.19     1.37    19.2    2.79    2.62    15.31    1.263      4.3      2.45      2.55    0.00     4.35     8.72    -1.40    1     0.00    0    0.936
41783     J145730.93+082326.3    0.03705    11.09     9.49     1.57    54.0    3.08    4.58    13.93    1.054     13.7      9.78     10.63    0.00     4.35     9.47    -1.62    1     9.70    3    0.280
41743     J150204.10+064922.9    0.04623    10.45     8.60     2.00    28.4    2.52    3.59    15.79    1.414      6.8      5.05      5.52    0.00     4.35     9.37    -1.08    1     0.00    0    0.754
38964     J150216.35+115503.2    0.03223    11.27     9.28     0.37    65.8    2.80    5.41    13.56    1.609      0.0      0.00      0.00    0.00     4.35     9.19    -2.08    2     9.26    3    0.203
41904     J150517.88+080912.7    0.03920    10.11     8.63     4.16    24.8    2.32    2.71    15.65    2.127     13.3     11.46     12.59    0.00     1.00     8.95    -1.16    1     9.82    1    0.000
20790     J150804.90+342313.8    0.04549    10.50     7.74    11.35    36.3    1.62    3.51    15.81    2.325     38.4     57.12     62.39    0.00     1.00     9.77    -0.73    1     0.00    0    0.000
41869     J150921.50+070439.8    0.04141    10.15     8.44     2.21    23.6    2.17    3.40    16.05    1.376      6.7      3.91      4.20    0.00     4.35     9.16    -0.99    1     0.00    0    0.936
39119     J150926.10+101718.3    0.02763    10.18     8.72     1.01    38.9    2.87    3.63    16.01    2.352     11.1      9.30     10.38    0.00     4.35     9.21    -0.97    1     9.73    1    0.953
10218     J151140.36+034034.2    0.04637    10.76     8.69     5.74    38.5    2.60    2.74    14.55    2.530     11.0     11.76     14.56    0.00     4.35     9.79    -0.97    1    10.25    3    0.531
39270     J151220.62+092059.7    0.03450    10.14     8.07     1.69    49.0    2.06    2.37    15.08    1.337      9.3      4.51      5.51    0.00     4.35     9.12    -1.02    1     9.96    1    0.936
42025     J151507.55+070116.5    0.03671    10.88     9.08     0.68    51.6    3.02    4.90    14.72    1.273      5.4      3.81      4.35    0.00     4.35     9.07    -1.80    1     9.47    3    0.531
42020     J151516.46+063918.5    0.03516    10.51     8.80     0.08    33.0    2.90    5.75    15.20    1.193      0.0      0.00      0.00    0.00     4.35     8.91    -1.61    2     8.71    4    0.754
41969     J151531.54+062213.3    0.03508    10.42     8.45     4.50    45.2    2.84    2.04    14.43    2.010     20.5     12.30     16.48    0.49     4.35     9.61    -0.81    1    10.28    3    1.000
42140     J151531.97+072829.0    0.04572    10.98     9.02     0.18    48.0    3.13    5.99    14.57    1.226      0.0      0.00      0.00    0.00     4.35     9.14    -1.84    2     9.16    4    0.405
10367     J151553.85+030301.1    0.03793    11.08     9.12     0.79    39.1    2.50    4.54    14.31    1.809      0.0      0.00      0.00    0.00     4.35     9.18    -1.90    2     9.32    4    0.280
42013     J151604.47+065051.4    0.03681    10.77     9.11     4.72    39.7    3.07    4.08    14.73    2.598     23.0     29.40     33.11    0.10     4.35     9.96    -0.81    1    10.24    1    0.531
42141     J151619.14+070944.4    0.03603    10.97     8.53     2.97    56.1    1.84    3.49    13.95    1.212      0.0      0.00      0.00    0.00     4.35     9.00    -1.97    2     9.74    3    0.405
10358     J151711.15+032105.7    0.03702    11.09     9.17     0.15    41.6    3.08    5.86    14.14    1.847      0.0      0.00      0.00    0.00     4.35     9.18    -1.91    2     9.36    4    0.280
10404     J151722.96+041248.9    0.03607    11.02     9.34     0.17    51.7    3.32    5.87    14.04    1.716      0.0      0.00      0.00    0.00     4.35     9.09    -1.94    2     9.29    4    0.405
41974     J151758.30+064445.4    0.03485    10.64     8.86     0.11    34.3    2.93    5.56    14.96    1.205      0.0      0.00      0.00    0.00     4.35     8.92    -1.72    2     8.79    4    0.679
42174     J151817.19+070757.0    0.03198    10.34     9.17     0.03    22.0    2.90    5.69    15.33    1.179      0.0      0.00      0.00    0.00     4.35     8.79    -1.54    2     8.60    4    1.000
10447     J151840.93+042505.3    0.04714    10.68     8.76     0.13    25.2    2.62    5.45    15.39    1.111      0.0      0.00      0.00    0.00     4.35     9.13    -1.55    2     8.88    4    0.679
42167     J151853.66+073433.3    0.03695    10.39     8.86     0.06    29.2    3.29    5.31    15.41    0.961      0.0      0.00      0.00    0.00     4.35     8.74    -1.64    2     8.66    3    1.000
39465     J152028.70+081706.6    0.03721    10.50     9.09     0.16    24.9    3.09    5.81    15.29    1.184      0.0      0.00      0.00    0.00     4.35     8.93    -1.57    2     8.73    4    0.754
39548     J152522.51+094352.3    0.03468    10.42     8.15     3.57    44.7    1.91    2.69    14.72    1.938      9.3      7.74     11.04    0.23     4.35     9.43    -0.99    1     0.00    0    1.000
39605     J152559.84+094724.5    0.03391    10.13     9.07     0.03    18.5    3.22    5.45    15.92    1.265      0.0      0.00      0.00    0.00     4.35     8.88    -1.25    2     8.56    4    0.936
39607     J152706.28+094746.3    0.04382    10.90     9.33     0.00     NaN    3.14     NaN    14.78    0.977      0.0      0.00      0.00    0.00     4.35     8.99    -1.91    2     0.00    0    0.405
39595     J152716.72+100240.2    0.04353    10.87     9.01     5.43    44.8    3.15    3.50    14.61    1.992     11.7     13.50     15.31    0.18     4.35     9.76    -1.11    1    10.04    3    0.531
39606     J152716.73+094603.8    0.04369    10.65     8.94     0.11    25.5    2.81    5.41    15.20    1.205      0.0      0.00      0.00    0.00     4.35     9.09    -1.56    2     8.84    4    0.679
39567     J152747.42+093729.6    0.03119    10.57     9.22     1.93    37.1    3.11    3.84    14.93    1.672      8.0      7.38      7.96    0.00     4.35     9.20    -1.37    1     8.98    3    0.754
28365     J154122.58+281347.1    0.03209    10.36     8.15     5.41    56.1    1.96    2.27    14.19    2.004     26.7     16.38     21.25    0.00     4.35     9.65    -0.71    1     9.78    1    1.000
26958     J154654.33+055328.3    0.04188    11.26     9.10     4.58    71.2    3.09    4.71    13.52    1.433     30.0     29.52     38.11    0.24     1.00     9.49    -1.77    1     9.49    4    0.203
47221     J154902.67+175625.5    0.03178    10.54     8.72     1.46    34.8    2.19    3.05    14.63    1.384      8.8      5.51      6.57    0.00     4.35     9.13    -1.41    1     9.27    3    0.754
42402     J155125.21+254539.0    0.04597    11.03     8.78     1.47    63.9    2.71    4.18    14.47    1.163      4.0      2.93      3.57    0.00     4.35     9.18    -1.85    1    10.50    3    0.405
31156     J155752.01+041544.3    0.02575    10.68     9.05     0.08    44.6    2.97    5.76    14.09    2.338      0.0      0.00      0.00    0.00     4.35     8.88    -1.80    2     9.39    3    0.679
29487     J155754.56+092435.7    0.04280    11.17     9.26     0.50    41.0    3.15    5.56    14.07    2.288      0.0      0.00      0.00    0.00     4.35     9.31    -1.86    2     9.39    3    0.280
10817     J220120.93+121148.1    0.02912    10.61     9.33     0.04    39.5    3.31    6.34    14.55    1.310      0.0      0.00      0.00    0.00     4.35     8.77    -1.84    2     8.83    4    0.679
10827     J220147.39+131228.5    0.03009    10.11     8.81     0.06    22.2    2.75    6.50    15.65    0.928      0.0      0.00      0.00    0.00     4.35     8.65    -1.46    2     8.69    4    0.936
10831     J220322.59+123857.6    0.02731    10.46     9.05     0.24    35.1    2.73    5.00    14.80    1.137      5.5      3.35      3.70    0.00     4.35     8.75    -1.71    1     9.90    3    0.754
10813     J220358.03+115421.2    0.02681    10.55     9.11     0.15    29.5    3.07    5.47    14.62    1.284      0.0      0.00      0.00    0.00     4.35     8.72    -1.83    2     8.77    4    0.754
10836     J220419.41+125806.2    0.02739    10.69     9.27     0.06    51.3    3.28    6.28    14.28    1.285      0.0      0.00      0.00    0.00     4.35     8.72    -1.97    2     8.92    4    0.679
10850     J220538.79+122521.3    0.03550    10.28     8.69     2.41    27.6    2.39    4.00    15.76    1.153      7.2      3.79      4.10    0.00     4.35     9.02    -1.26    1     9.48    3    0.953
10841     J221111.69+114802.6    0.02703    10.36     9.05     0.75    32.1    2.76    3.68    14.66    0.990     12.0      5.77      6.36    0.00     4.35     8.98    -1.38    1     9.30    3    1.000
10885     J221212.48+121218.6    0.02753    10.04     8.49     2.40    27.5    2.11    2.51    14.83    2.148     12.2     10.38     12.11    0.00     4.35     9.27    -0.77    1     9.11    3    0.936
10889     J221236.07+140103.9    0.02661    10.45     9.14     0.19    34.8    3.37    5.15    14.83    1.160      0.0      0.00      0.00    0.00     4.35     8.66    -1.79    2     9.51    3    0.754
10844     J221253.09+122158.7    0.02708    10.16     9.10     0.03    22.0    2.89    5.62    15.36    1.162      0.0      0.00      0.00    0.00     4.35     8.48    -1.68    2     9.02    3    0.953
10872     J221321.50+132611.3    0.02810    10.48     8.81     0.11    33.5    2.73    5.15    14.76    1.100      0.0      0.00      0.00    0.00     4.35     8.71    -1.77    2     8.74    4    0.754
10884     J221430.63+130444.9    0.02574    10.47     9.04     0.05    47.5    2.93    5.97    14.84    1.230      0.0      0.00      0.00    0.00     4.35     8.65    -1.82    2     8.63    4    0.754
10942     J221530.28+134023.4    0.02507    10.04     9.06     0.02    21.7    3.26    5.54    15.44    1.133      0.0      0.00      0.00    0.00     4.35     8.58    -1.47    2     8.75    4    0.936
10943     J221540.59+133616.9    0.02754    10.23     8.71     0.11    32.2    2.40    5.00    15.17    1.355      6.8      3.76      4.24    0.00     4.35     8.82    -1.41    1     8.66    4    0.953
10944     J221543.66+134252.3    0.02616    10.05     9.28     0.06    25.1    3.24    5.51    15.45    1.019      0.0      0.00      0.00    0.00     4.35     8.56    -1.50    2     8.66    4    0.936
10950     J221559.51+132715.3    0.02542    10.21     9.43     0.03    19.2    2.68    5.65    15.18    1.254      0.0      0.00      0.00    0.00     4.35     8.62    -1.59    2     8.78    4    0.953
10949     J221600.51+130851.8    0.02619    10.33     9.21     0.14    39.9    3.36    5.43    14.79    1.181      0.0      0.00      0.00    0.00     4.35     8.63    -1.70    2     8.68    4    1.000
10948     J221636.89+131514.4    0.02581    10.02     8.65     0.35    31.0    2.50    4.82    15.82    1.104      5.8      2.89      3.22    0.00     4.35     8.64    -1.37    1     8.53    4    0.936
10952     J221657.95+133235.0    0.02619    10.47     8.97     0.07    47.2    2.58    7.13    15.07    1.408      7.5      5.39      6.06    0.00     4.35     8.93    -1.54    1     8.65    4    0.754
11016     J223619.86+141852.3    0.03750    10.25     8.83     0.23    22.4    3.21    4.63    15.91    1.146      0.0      0.00      0.00    0.00     4.35     8.97    -1.27    2     9.82    3    0.953
11015     J223701.58+142417.4    0.03667    10.76     8.93     0.19    44.3    3.11    5.51    14.63    1.149      0.0      0.00      0.00    0.00     4.35     9.06    -1.71    2     9.86    3    0.531
11019     J223810.59+142626.1    0.03599    10.05     8.34     1.24    24.0    2.08    3.63    16.13    1.592      8.0      4.59      5.04    0.00     4.35     9.12    -0.93    1     8.83    3    0.936
11086     J225524.42+131453.8    0.03285    10.43     9.08     0.59    32.0    2.87    4.26    15.21    1.175      0.0      0.00      0.00    0.00     4.35     8.82    -1.61    2     0.00    0    1.000
11087     J225525.96+125539.3    0.03760    10.88     9.16     0.00    43.0    3.05    5.28    14.86    1.421      0.0      0.00      0.00    0.00     4.35     9.03    -1.85    2     9.13    4    0.531
11071     J225726.69+130005.9    0.02568    10.56     8.70     1.72    46.7    2.39    4.40    14.28    1.376      8.5      4.72      6.30    0.00     4.35     8.93    -1.63    1     9.01    3    0.754
11126     J230111.07+130932.5    0.04836    10.75     8.71     1.10    29.2    2.39    3.66    14.96    0.989      0.0      0.00      0.00    0.00     4.35     9.11    -1.64    2     9.62    3    0.531
11132     J230146.58+133218.8    0.03409    10.62     9.45     0.06    31.3    3.29    6.21    14.64    1.231      0.0      0.00      0.00    0.00     4.35     8.87    -1.75    2     8.83    4    0.679
11112     J230240.30+131944.6    0.02765    10.81     9.02     3.02    51.6    2.58    3.34    13.56    2.641     24.7     36.00     45.81    0.20     4.35     9.85    -0.96    1     0.00    0    0.531
11120     J230343.06+135535.5    0.02706    10.40     8.99     3.07    38.7    2.64    3.49    14.55    2.024      8.4      8.46      9.34    0.00     4.35     9.15    -1.26    1     9.02    3    1.000
11223     J230616.43+135856.3    0.03554    10.64     8.85     7.00    33.6    2.30    3.47    14.35    1.386     39.2     29.70     34.08    0.00     4.35     9.94    -0.70    1     9.35    3    0.679
11311     J231229.22+135632.1    0.03412    10.91     9.11     0.78    52.4    2.76    4.48    14.35    1.765     13.0     13.26     15.21    0.40     4.35     9.55    -1.36    1    10.00    1    0.405
11340     J231316.47+145415.6    0.03577    10.10     8.54     2.14    27.3    2.28    2.22    15.40    1.442     15.9     10.74     11.69    0.00     4.35     9.48    -0.62    1     9.86    1    0.936
11298     J231330.39+140350.0    0.03943    10.10     8.29     0.56    36.8    2.61    3.88    16.60    1.167      9.6      4.82      5.44    0.00     4.35     9.23    -0.87    1     9.66    3    0.936
11297     J231331.44+141938.6    0.03922    10.41     9.22     0.10    29.2    3.39    5.44    15.07    1.122      0.0      0.00      0.00    0.00     4.35     9.03    -1.38    2     8.92    3    1.000
11295     J231334.71+135912.3    0.03980    11.09     8.95     0.81    75.3    3.07    4.72    14.30    1.385     12.5     11.34     13.94    0.44     4.35     9.65    -1.45    1    10.13    1    0.280
 1977     J231815.66+001540.2    0.02980    10.78     8.75     1.94    66.2    2.24    3.35    14.08    1.929     13.9     13.62     20.91    0.21     4.35     9.58    -1.20    1     0.00    0    0.531
11270     J231816.95+133426.6    0.03952    10.07     8.69     1.43    21.2    2.88    3.91    16.23    1.176      5.2      2.02      2.14    0.00     4.35     8.83    -1.24    1     8.70    3    0.936
11349     J231836.21+151758.7    0.02561    10.13     8.47     1.57    39.4    2.19    2.88    14.76    1.644     15.0     10.08     12.18    0.00     4.35     9.21    -0.91    1     9.06    3    0.936
11437     J232215.37+140450.6    0.02636    10.56     8.99     0.80    48.4    2.72    3.83    14.55    1.262      8.1      5.11      5.93    0.55     4.35     8.93    -1.63    1     9.42    3    0.754
11408     J232227.40+134857.1    0.02600    10.05     8.22     1.68    45.4    2.20    2.53    14.81    2.175     16.7      7.26      9.58    0.48     4.35     9.12    -0.93    1    10.01    1    0.936
11513     J232239.48+154405.3    0.04115    10.62     8.68     0.41    24.0    2.16    4.53    15.32    1.159      3.0      1.50      1.60    0.00     4.35     8.73    -1.88    1     8.75    3    0.679
11514     J232326.53+152510.4    0.04276    10.27     9.16     1.06    19.7    2.98    4.27    16.27    1.132      4.3      2.77      2.87    0.00     4.35     9.02    -1.25    1     8.91    3    0.953
11386     J232611.29+140148.1    0.04624    10.56     9.08     0.22    25.8    3.46    4.69    15.78    1.167      0.0      0.00      0.00    0.00     4.35     9.11    -1.45    2     9.28    3    0.754
11808     J235257.31+154244.8    0.04795    10.78     8.69     0.52    36.0    2.61    4.97    14.97    1.112      7.6      4.76      5.57    0.00     4.35     9.41    -1.37    1     9.29    3    0.531
11845     J235644.47+135435.4    0.03633    10.60     8.65     3.44    42.5    2.47    4.10    14.98    1.722     20.6     17.28     20.25    0.14     4.35     9.73    -0.87    1     9.85    3    0.679
11824     J235747.57+153649.2    0.03797    10.25     8.05     1.45    39.1    2.23    3.24    15.46    1.084      4.5      2.29      2.88    0.00     4.35     8.92    -1.33    1     9.53    3    0.953
