-3.108695891491578323e+00 -3.108695891491578323e+00 -inf
-3.108695891491578323e+00 -2.409725887155559132e+00 -3.108695891491578323e+00
-2.409725887155559132e+00 -2.145185213701469973e+00 -3.108695891491578323e+00
-2.263597851477321399e+00 -1.795819689316467072e+00 -2.409725887155559132e+00
-1.835080713580224288e+00 -1.880501898533463834e+00 -2.154453382052253119e+00
-1.854841790397398160e+00 -1.772466672232925644e+00 -1.791123018467539962e+00
-1.780311730063206754e+00 -1.898854327131657804e+00 -1.850167824185133369e+00
-1.893684811384888977e+00 -1.995129914912786795e+00 -1.846239496564663352e+00
-2.014026971057201632e+00 -2.067749231074780702e+00 -1.920997081597713985e+00
-2.076672502742309856e+00 -2.248865466280271619e+00 -2.007299655054632481e+00
-2.163034137110491972e+00 -2.440390212371137402e+00 -2.030987855168802536e+00
-2.358203456183787239e+00 -2.820601454082742876e+00 -2.226183129656941873e+00
-2.706658101775906378e+00 -3.343480199363080718e+00 -2.343480199363081162e+00
-3.042450203699099465e+00 -3.343480199363080718e+00 -2.779208768924517958e+00
-3.519571458418762067e+00 -3.519571458418762067e+00 -3.121631449746724130e+00
