-inf -inf -inf
-inf -inf -3.099004101226270791e+00
-inf -inf -2.554936056875995121e+00
-3.400034096890252044e+00 -inf -1.692463920792315335e+00
-2.797974105562289537e+00 -inf -1.611948761781186068e+00
-1.952876065548032614e+00 -inf -2.036519864163295779e+00
-1.665232479355017947e+00 -inf -2.090750360411479658e+00
-1.784010579512296024e+00 -inf -2.292395723939549157e+00
-1.800456717763660341e+00 -inf -3.634818404761754440e+00
-2.154065121704513697e+00 -inf -inf
-2.304735103672808982e+00 -inf -inf
-2.696966311510599290e+00 -inf -inf
-3.266841619467160118e+00 -inf -inf
-4.111939659481416598e+00 -inf -inf
-inf -inf -inf
-inf -inf -inf
-inf -inf -inf
