#GASS   SDSS                 Other        zSDSS   LogMst petrR50z petrR50r petrR90r Logmust ext_r  r_c    expAB_r incl NUV-r   T_NUV  Tmax  DR
 11834  J000047.89+141639.1  ...	  0.0362   10.71    3.21    3.55   10.51    9.12    0.17   15.15   0.341   74	3.94    1671	24   2
 11892  J000200.82+150132.1  ...	  0.0357   10.54    3.12    3.37    9.96    8.99    0.13   15.03   0.820   36   5.60    1705	49   3
 11825  J000210.19+140810.3  ...	  0.0420   10.62    2.17    2.16    7.01    9.25    0.19   15.45   0.719   45	5.68     364	65   2
 11903  J000458.72+154018.2  ...	  0.0373   10.17    2.16    2.11    5.99    8.90    0.19   15.93   0.411   69   5.49     260	71   3
 11910  J000632.57+154004.7  ...	  0.0370   10.28    2.97    3.10    8.53    8.74    0.18   15.67   0.555   58   3.69     260	68   3
 11917  J000742.65+151112.7  ...	  0.0446   10.74    2.96    3.39   10.45    9.04    0.18   15.25   0.677   49	4.06    1680	48   2
 11956  J000820.76+150921.6  ...	  0.0395   10.09    2.99    3.10    6.68    8.48    0.16   16.28   0.310   76	3.04    1680	90   1
 12030  J001842.68+151142.6  ...	  0.0372   10.65    2.41    2.44    7.63    9.29    0.13   14.85   0.724   45   5.68    1588	34   3
 12025  J001934.54+161215.0  ...	  0.0366   10.84    3.67    3.92   11.86    9.13    0.18   14.74   0.920   24	5.93    4835	14   1
 12005  J002420.72+144632.3  ...	  0.0309   10.06    1.71    1.79    5.09    9.16    0.17   16.04   0.348   73	5.05    3519	33   2
 12002  J002504.00+145815.2  ...	  0.0367   10.48    1.75    1.81    5.74    9.41    0.14   15.47   0.424   68	6.25    3519	66   2
 12062  J002556.06+153815.0  ...	  0.0365   10.09    2.63    2.83    6.16    8.67    0.15   15.41   0.708   46   2.36     222	65   3
 11989  J002558.89+135545.8  ...	  0.0419   10.69    2.53    2.66    8.02    9.18    0.22   15.14   0.912   25	5.79    3344	47   1
  3163  J002846.83+150529.3  ...	  0.0422   10.63    3.99    4.23    9.19    8.72    0.17   15.12   0.468   64	3.82    3133	64   2
  3157  J003032.94+145635.4  ...	  0.0381   10.57    2.73    2.87    8.41    9.08    0.17   15.33   0.744   43   5.09    3133	56   3
  3151  J003143.05+142911.2  ...	  0.0381   10.40    2.90    3.40   11.16    8.85    0.19   15.51   0.784   39	4.85    3133	77   2
 27181  J003248.17+144738.1  ...	  0.0418   10.60    3.38    3.67   10.23    8.84    0.18   15.11   0.781   40	3.22    1659	73   2
 27167  J003921.66+142811.5  ...	  0.0380   10.37    2.02    2.15    5.96    9.14    0.27   15.49   0.711   46	4.48    1658	76   2
  3189  J004023.48+143649.4  ...	  0.0384   10.05    5.59    5.96   11.68    7.92    0.32   15.66   0.471   64	2.77    1658	80   2
 27219  J004125.29+134334.3  ...	  0.0332   10.21    4.34    4.33    9.51    8.44    0.23   16.43   0.253   81	3.96    1658	44   2
  3233  J005134.04+135452.7  ...	  0.0392   10.23    2.31    2.35    5.82    8.85    0.20   15.67   0.708   46	3.28     175	87   2
  3258  J005316.95+160556.1  ...	  0.0393   10.27    2.82    3.11    7.98    8.72    0.21   16.23   0.363   72   6.23    1918	88   3
  3261  J005532.61+154632.9  ...	  0.0375   10.08    2.84    3.03    7.70    8.57    0.26   15.49   0.816   36	2.63    1918	72   1
  3305  J005709.66+143906.6  ...	  0.0494   10.71    3.22    3.83   11.49    8.84    0.14   15.39   0.360   72   3.02    1996	85   3
  3301  J005915.31+133433.3  ...	  0.0404   10.92    3.55    3.65   11.61    9.15    0.19   14.55   0.491   63	6.13    3142	14   2
  3321  J010228.41+154457.0  ...	  0.0403   10.85    5.22    5.52   13.71    8.75    0.31   15.42   0.218   85   5.76     110	19   3
  3284  J010253.84+141140.3  ...	  0.0397   10.60    4.16    4.82   12.14    8.71    0.14   15.57   0.335   74   5.05     110	57   3
  3435  J010832.07+150122.9  ...	  0.0414   10.76    3.29    3.54   11.80    9.03    0.17   14.61   0.769   41	5.40    1648	33   2
  3439  J010905.96+144520.8  ...	  0.0386   10.35    2.96    3.56   10.34    8.78    0.14   15.48   0.790   39	3.05    1648	81   2
  3465  J011221.82+150039.0  ...	  0.0292   10.19    2.75    3.07    8.87    8.93    0.13   15.33   0.570   57	3.63    1648	26   2
  3634  J011347.63+153029.8  ...	  0.0453   10.89    3.58    3.72   10.82    9.01    0.18   14.87   0.908   25   6.15    1440	26   3
  3645  J011501.75+152448.6  ...	  0.0307   10.33    3.07    3.22    8.74    8.93    0.17   15.12   0.847   33	3.97    1440	32   1
  3509  J011711.65+132027.3  ...	  0.0484   10.81    2.50    2.68    8.33    9.18    0.09   15.28   0.562   58	4.14    1647	51   2
  3524  J011716.09+143720.5  ...	  0.0380   10.73    2.38    2.66    7.22    9.36    0.10   15.58   0.337   74	5.15    1608	27   2
  3519  J011728.11+144215.9  UGC827	  0.0427   10.74    4.93    5.31   11.67    8.64    0.11   14.95   0.736   44	3.68    1647	40   2
  3505  J011746.76+131924.5  ...	  0.0479   10.21    1.90    1.99    6.56    8.83    0.10   16.35   0.926   23	4.92    1647   198   1
  3666  J011803.07+153224.4  ...	  0.0382   10.25    3.30    3.49    9.00    8.59    0.16   15.47   0.614   54   2.96    1647	78   3
  3504  J011823.44+133728.4  ...	  0.0380   10.16    6.53    8.53   15.68    7.91    0.11   15.34   0.939   21	2.85    1647	76   1
  3508  J011900.04+143643.1  ...	  0.0365   10.37    2.90    2.98    7.45    8.87    0.10   15.55   0.723   45	5.12    6090	64   2
  3773  J012153.31+145344.6  ...	  0.0362   10.56    2.68    2.79    8.81    9.13    0.13   14.82   0.887   28   5.31    1658	47   3
  3757  J012227.97+153238.4  ...	  0.0376   10.52    1.93    2.14    6.43    9.34    0.31   15.25   0.665   50	4.92    1658	65   2
  3777  J012316.81+143932.4  ...	  0.0396   10.26    2.68    2.87    6.35    8.75    0.14   15.69   0.829   35	3.17    1654	90   1
  3792  J012842.03+143633.2  ...	  0.0364   10.81    4.44    5.34   15.14    8.93    0.10   14.62   0.805   37   4.79     112	15   3
 27250  J013006.16+131702.1  ...	  0.0380   10.24    4.22    4.67   10.19    8.37    0.15   15.25   0.928   22   2.59     198	76   3
 27284  J013204.58+153001.2  ...	  0.0440   10.95    4.31    4.89   13.12    8.93    0.15   14.47   0.772   40   3.61     107	18   3
  3851  J013851.94+150258.8  CGCG437-007  0.0278   10.59    4.14    4.49   13.67    9.02    0.16   14.45   1.000    2   5.88    2954	14   3
  3854  J013854.76+150117.7  CGCG437-008  0.0279   10.91    5.67    6.35   20.16    9.06    0.16   13.76   0.785   39	5.58    2954	 3   2
  3859  J013901.89+145808.5  ...	  0.0285   10.18    2.92    3.26   10.53    8.88    0.15   15.38   0.780   40	4.96    2954	23   2
  3821  J014042.68+133304.6  ...	  0.0447   10.87    3.21    3.26   10.63    9.09    0.15   14.85   0.561   58	5.84    1604	27   2
  3819  J014143.18+134032.8  ...	  0.0453   10.67    2.63    2.74    6.81    9.06    0.15   14.72   0.871   30	2.20    3361	72   2
  3817  J014325.96+135116.8  ...	  0.0450   10.07    3.94    4.38   10.70    8.11    0.18   15.76   0.411   69	2.36    3361   153   1
  4094  J014326.66+131913.0  ...	  0.0276   10.55    3.15    3.18    9.47    9.22    0.13   14.71   0.581   56	5.94    1696	16   2
  4111  J014601.79+141421.0  ...	  0.0441   10.89    6.64    8.49   16.61    8.49    0.14   14.63   0.733   44   3.39    1625	24   3
  4119  J014629.79+135709.6  ...	  0.0444   11.19    4.26    4.85   15.59    9.18    0.14   14.22   0.776   40	6.13    1625	 6   2
  4195  J014906.09+142550.6  ...	  0.0445   10.62    3.96    4.57   13.20    8.66    0.14   15.31   0.686   48	4.74    1677	85   2
  4074  J014911.62+125111.6  UGC1274	  0.0262   11.17    3.86    4.16   12.80    9.71    0.22   13.41   0.489   63	6.03    1644	 1   2
  4065  J014941.82+124458.2  ...	  0.0490   10.17    2.40    2.53    7.66    8.56    0.21   16.57   0.917   24	5.31    1644   217   2
  4203  J015027.35+141140.0  ...	  0.0341   10.18    4.65    4.67   10.29    8.33    0.14   15.70   0.373   71	3.45    1661	49   2
  4165  J015046.48+134127.5  ...	  0.0441   10.83    2.42    2.65    8.85    9.31    0.21   15.10   0.708   46   5.83    1661	30   3
  4163  J015244.40+131133.3  ...	  0.0262   10.22    3.89    4.47   10.87    8.75    0.19   14.85   0.699   47   2.94    1661	17   3
  4145  J015517.63+125935.5  ...	  0.0322   10.30    2.18    2.43    7.68    9.16    0.15   15.09   0.419   68	3.04    1659	39   2
  4134  J015606.45+123403.2  ...	  0.0445   10.64    3.23    3.60   10.14    8.86    0.19   15.77   0.335   74   5.16    1659	76   3
  4137  J015651.99+131246.0  ...	  0.0445   10.90    2.59    2.78    9.25    9.32    0.14   15.00   0.573   57	5.35    1651	23   2
  4136  J015703.78+131001.4  ...	  0.0323   10.85    4.42    4.85   14.49    9.09    0.15   14.43   0.558   58   5.70    1651	 8   3
  4233  J015707.32+145543.5  ...	  0.0433   10.88    3.59    3.94   12.05    9.03    0.16   14.70   0.883   29	5.69    1671	23   2
  4223  J015712.97+144407.6  CGCG438-008  0.0260   10.56    3.62    3.96   13.26    9.16    0.14   14.44   0.971   14	5.19    1671	12   2
  3918  J015718.40+130745.8  ...	  0.0327   10.38    2.12    2.11    6.72    9.24    0.15   15.30   0.556   58	5.69    1651	41   2
  4130  J015720.03+131013.4  ...	  0.0448   10.81    3.37    3.54   11.49    8.99    0.15   15.03   0.621   53   5.09    1651	36   3
  4132  J015742.52+132318.8  ...	  0.0443   10.82    4.15    4.52   10.15    8.83    0.16   15.25   0.330   74   3.79    1651	32   3
  3917  J015755.84+132129.3  ...	  0.0444   10.95    3.95    4.07   10.82    9.00    0.15   14.61   0.664   50   4.48    1651	18   3
  4239  J015816.23+141747.9  UGC1450	  0.0261   10.80    4.64    5.14   17.23    9.18    0.15   13.92   0.627   53	5.58    1663	 4   1
  3936  J015945.90+134652.6  ...	  0.0441   10.12    3.82    3.83    7.14    8.20    0.17   15.94   0.426   67   2.72    1663   141   3
  3957  J020325.71+133910.7  ...	  0.0325   10.14    2.70    3.01    9.15    8.80    0.24   15.75   0.683   48   5.57    1664	40   3
  3960  J020351.38+144534.3  ...	  0.0321   10.03    2.21    2.68    6.87    8.87    0.17   15.68   0.449   66   3.30    1664	38   3
  3956  J020353.23+134011.9  ...	  0.0327   10.59    3.29    3.63   11.75    9.07    0.26   14.92   0.778   40   5.64    1662	27   3
  3962  J020359.14+141837.3  ...	  0.0427   10.90    4.66    5.26   15.46    8.84    0.19   14.51   0.543   59	3.22    1664	19   1
  3966  J020455.76+140055.4  ...	  0.0310   10.53    4.07    4.50   14.63    8.87    0.21   14.85   0.779   40   5.69    1664	29   3
  4017  J020517.54+133020.6  IC1775	  0.0258   10.23    6.78   10.39   19.52    8.29    0.24   14.44   0.908   25	3.17    1662	16   2
  3880  J020519.88+131530.7  ...	  0.0270   10.52    2.77    2.80    8.35    9.33    0.28   14.61   0.714   46	6.00    1662	17   2
  3972  J020539.16+143907.7  ...	  0.0429   11.15    4.49    4.67   14.67    9.12    0.13   14.19   0.709   46   5.83     564	 6   3
  3971  J020552.48+142516.2  ...	  0.0426   10.43    3.85    4.38   11.99    8.54    0.19   15.82   0.239   82	3.33    1645   122   1
  4014  J020720.31+130154.4  ...	  0.0482   10.98    3.54    3.60   11.85    9.05    0.26   14.67   0.509   61   5.57    1661	22   3
  3977  J020744.46+140453.7  ...	  0.0324   10.26    3.76    4.28   11.18    8.64    0.22   15.60   0.270   79	3.57    1645	40   2
  4008  J020829.86+124359.9  ...	  0.0347   10.49    3.70    4.28   10.55    8.81    0.31   14.96   0.783   39   3.28    1661	53   3
  4030  J020939.47+135859.4  ...	  0.0491   11.33    7.64    8.32   16.80    8.72    0.26   14.08   0.822   36	4.08    1531	 5   2
  4038  J021121.82+143015.5  UGC1681	  0.0417   10.72    4.83    5.95   15.25    8.65    0.28   15.10   0.223   84	3.40    1531	41   2
  4039  J021131.43+141202.4  ...	  0.0254   10.32    3.69    4.33   12.75    8.93    0.25   14.80   0.675   49	3.47    1531	15   2
  4040  J021139.06+140830.3  ...	  0.0269   10.32    2.32    2.36    7.43    9.27    0.25   14.99   0.530   60	5.80    1531	19   2
  4048  J021219.38+133645.6  ...	  0.0414   10.55    3.51    3.75    8.71    8.77    0.30   15.40   0.615   54	3.45    1692	84   2
  3987  J021337.66+132741.5  ...	  0.0420   10.80    2.47    2.62    8.43    9.31    0.28   14.78   0.718   45   5.93    1692	28   3
  4056  J021349.29+135035.7  ...	  0.0375   10.42    1.75    1.81    5.29    9.33    0.35   15.41   0.434   67   4.17    1692	72   3
  3981  J021404.39+131156.3  ...	  0.0416   10.55    3.51    3.81    9.96    8.76    0.34   15.34   0.497   62	3.76    1692	88   2
  3985  J021412.12+132612.8  ...	  0.0411   10.76    3.48    3.73   10.56    8.98    0.33   15.09   0.617   53	5.95    1692	33   2
  4057  J021419.24+135611.2  ...	  0.0397   10.52    2.34    2.64    7.19    9.13    0.34   15.27   0.505   62	3.36    1654	81   2
  3980  J021423.65+122015.6  ...	  0.0408   10.95    2.82    2.97    8.91    9.37    0.42   14.44   0.463   65    ...     201	13   3
 12069  J073906.01+290936.2  CGCG147-050  0.0388   11.13    6.76    7.73   17.60    8.83    0.13   13.70   0.924   23   2.93    1531	 5   3
 14260  J074158.62+231035.0  CGCG117-066  0.0431   11.06    2.47    2.56    8.67    9.54    0.14   14.17   0.733   44   5.71     194	10   3
 14017  J074426.50+291609.7  CGCG147-063  0.0396   10.92    2.97    3.09   10.11    9.32    0.09   14.47   0.568   57   5.41    1535	13   3
 21842  J074533.96+184812.0  ...	  0.0450   11.06    4.36    5.72   17.49    9.01    0.10   14.57   0.729   44   5.41     156	12   3
 51334  J075329.53+140122.8  ...	  0.0294   10.10    3.59    4.28    9.68    8.61    0.10   16.04   0.202   88   3.57    1656	27   3
 51351  J075457.85+142718.8  CGCG058-069  0.0293   11.01    5.21    6.28   18.89    9.19    0.09   13.60   0.615   54   3.95     209	 3   3
 51416  J075559.95+125853.2  CGCG058-073  0.0445   11.27    3.98    4.54   14.53    9.31    0.09   13.92   0.860   31	5.43     208	 4   2
 51462  J075600.62+141144.6  CGCG058-072  0.0357   11.10    2.97    3.04    9.69    9.59    0.09   13.63   0.483   63   6.11     196	 4   3
 51336  J075617.10+143609.6  ...	  0.0474   11.00    5.38    6.18   13.64    8.72    0.09   14.66   0.732   44   4.20     209	19   3
 19132  J080020.05+222634.8  ...	  0.0350   10.35    2.04    2.10    6.46    9.18    0.18   15.50   0.832   35   5.74    1696	54   3
 56319  J080322.76+095745.8  ...	  0.0345   10.14    3.39    3.28    8.31    8.54    0.07   16.70   0.272   79	4.78     223	51   2
 56320  J080342.27+100159.7  ...	  0.0337   10.22    2.69    2.87    8.25    8.85    0.07   15.64   0.776   40   6.37     218	47   3
 51580  J080403.84+150518.4  ...	  0.0390   10.24    2.24    2.49    7.46    8.90    0.10   16.52   0.264   80   4.27    2650	85   3
 14247  J080528.11+355648.1  IC2225	  0.0330   11.14    6.73    7.72   22.90    8.99    0.13   13.53   0.567   57   4.90     218	 2   3
 56304  J080534.10+102336.2  UGC4215	  0.0340   10.89    7.43   15.04   26.90    8.63    0.06   14.18   0.812   37	3.61     218	 8   2
 19274  J081625.36+255928.8  UGC4303	  0.0453   11.32    6.38    8.06   20.00    8.94    0.10   14.01   0.753   42   4.54      78	 4   3
 51899  J083131.52+192228.3  ...	  0.0387   10.01    2.72    3.01    6.85    8.51    0.09   16.26   0.510   61   3.27    3072	82   3
 52045  J083836.42+173809.2  CGCG089-060  0.0415   10.17    3.45    3.97    9.44    8.40    0.08   15.47   0.962   16   2.25    1830   109   3
 32308  J083934.43+252837.6  ...	  0.0292   10.02    7.09    8.07   14.75    7.93    0.10   15.33   0.943   20   3.52    4026	26   3
 56486  J084528.61+143425.6  ...	  0.0360   10.26    2.79    2.82    7.35    8.79    0.05   15.46   0.787   39   4.98    1685	61   3
 56509  J085045.27+114839.0  ...	  0.0297   10.48    2.10    2.18    6.52    9.44    0.09   14.79   0.491   63   5.60    5569	28   3
  8096  J085254.99+030908.4  ...	  0.0345   10.28    3.64    3.89    9.42    8.62    0.14   15.33   0.614   54   2.81     112	51   3
 19989  J085425.62+081241.0  ...	  0.0294   10.46    2.97    3.14   10.01    9.13    0.14   14.78   0.658   50   5.73    1545	27   3
 52297  J085724.03+204237.9  ...	  0.0328   10.49    3.18    3.44   10.42    9.00    0.07   15.03   0.572   57   4.19    1637	42   3
 56662  J090254.93+133938.5  ...	  0.0299   10.24    5.22    6.66   15.78    8.41    0.09   15.90   0.227   84   4.71    1612	29   3
 56612  J090307.74+134149.4  ...	  0.0290   10.27    2.15    2.36    6.97    9.23    0.08   15.29   0.477   64   5.07    1612	25   3
 56650  J090308.20+133103.9  ...	  0.0289   10.24    1.78    1.85    5.43    9.37    0.09   15.50   0.463   65   5.81    1612	25   3
 56632  J090437.07+133314.7  CGCG061-057  0.0281   11.00    4.92    5.35   15.02    9.27    0.10   13.59   0.372   71	4.94    1612	 2   2
 20026  J090610.15+082343.3  ...	  0.0457   10.46    2.10    2.22    7.41    9.04    0.14   15.66   0.912   25   5.40    1696   163   3
 20041  J091427.70+080445.9  ...	  0.0309   10.03    2.97    3.19    9.10    8.65    0.13   15.78   0.350   73   4.77    2441	32   3
 20042  J091444.06+083605.3  ...	  0.0468   10.01    2.69    2.61    6.02    8.35    0.14   16.30   0.617   53   2.64    2187   180   3
 16756  J091717.67+064151.5  ...	  0.0333   10.43    2.79    3.07    9.89    9.04    0.10   15.22   0.654   51   5.85    1693	44   3
 16753  J091828.43+062003.7  ...	  0.0335   10.29    3.57    3.93   11.23    8.68    0.12   15.21   0.623   53	3.41    1706	45   2
 16815  J091831.34+065223.3  ...	  0.0393   10.63    1.62    1.82    6.02    9.56    0.11   15.60   0.605   54   5.96    1693	49   3
 19672  J091929.51+341810.2  ...	  0.0458   10.73    3.11    3.33    7.19    8.96    0.05   15.00   0.690   48   2.55     168	58   3
 25844  J091959.74+100631.7  ...	  0.0326   10.25    1.43    1.47    4.05    9.46    0.13   15.65   0.503   62	5.62    1677	41   2
 57017  J092229.28+142743.3  ...	  0.0323   10.54    3.04    3.95   12.16    9.10    0.09   16.22   0.256   81	4.00    2857	33   1
 33019  J092533.76+272050.9  CGCG151-078  0.0484   11.15    4.73    4.92   13.76    8.97    0.06   14.34   0.298   77   5.72     345	10   3
 32937  J092708.07+292408.2  CGCG151-081  0.0258   10.45    5.57    6.63   18.38    8.68    0.06   14.60   0.441   66   4.02    8435	16   3
 32907  J093009.18+285351.3  ...	  0.0349   10.47    4.36    4.64   10.94    8.65    0.06   15.79   0.261   80   4.58     112	54   3
 53269  J093116.00+263259.6  ...	  0.0458   10.98    2.52    2.64    7.93    9.39    0.06   15.10   0.375   71   6.98     202	18   3
 20165  J093231.96+094957.3  ...	  0.0498   10.82    2.23    2.25    6.96    9.26    0.11   15.34   0.823   35    ...     ...	53   3
 20133  J093236.58+095025.9  CGCG063-005  0.0489   10.86    4.38    4.81   11.05    8.73    0.11   14.69   0.964   16	 ...     ...	42   1
 20144  J093502.01+095512.4  ...	  0.0496   10.06    3.76    4.08    7.39    8.06    0.08   16.27   0.853   32	2.54     106   229   1
 33214  J093624.28+320445.5  ...	  0.0269   10.34    5.02    5.45   16.21    8.63    0.05   14.78   0.842   33   5.23     213	19   3
 20149  J093647.77+100551.1  ...	  0.0494   10.91    4.15    4.51   10.97    8.82    0.08   15.03   0.351   73   4.20     106	35   3
 55745  J093710.07+165837.9  NGC2928	  0.0278   10.92   10.04   12.44   28.70    8.57    0.10   13.71   0.432   67   4.28     106	 3   3
  8347  J093858.50+040940.5  ...	  0.0463   10.68    2.65    2.71    7.72    9.04    0.12   15.29   0.863   31	6.04    2114	76   2
  8349  J093953.62+034850.2  ...	  0.0285   10.36    3.46    4.18   12.26    8.92    0.14   15.61   0.328   75   4.73    1735	24   3
 33469  J095009.35+333409.5  NGC3013	  0.0270   10.61    4.82    5.56   15.62    8.93    0.04   14.24   0.718   45    ...     ...	11   3
 18702  J095051.58+081340.7  ...	  0.0299   10.20    3.50    3.86    8.49    8.71    0.10   15.71   0.255   81	3.84    1676	28   2
 22822  J095144.91+353719.6  ...	  0.0270   10.56    3.73    4.22   10.92    9.10    0.03   14.81   0.393   70   3.79     208	14   3
 18707  J095150.14+082213.8  ...	  0.0405   10.57    3.04    3.33    8.61    8.93    0.13   14.95   0.596   55	3.33     207	71   2
 20305  J095243.86+100001.0  ...	  0.0303   10.30    4.92    5.47   12.13    8.50    0.10   15.68   0.190   90	4.75     112	30   2
 18673  J095301.79+072736.4  ...	  0.0385   10.38    2.47    2.67    6.07    8.97    0.12   15.32   0.659   50	3.04    1249	81   2
 18686  J095302.62+075029.3  CGCG035-075  0.0411   10.55    4.91    5.76   12.10    8.48    0.11   14.89   0.606   54	2.99    1676	83   2
 18681  J095324.56+074956.2  ...	  0.0393   10.67    3.66    3.95   11.00    8.90    0.11   15.40   0.260   80	4.22    1676	39   2
 20292  J095349.23+091137.6  CGCG063-098  0.0299   10.67    4.22    4.53   10.91    9.02    0.13   14.38   0.776   40	4.47    3178	13   2
 20371  J095402.22+103629.6  CGCG063-101  0.0399   11.24    6.35    7.62   21.70    8.97    0.08   13.84   0.764   41	5.38     208	 3   2
 20376  J095416.82+103457.5  ...	  0.0399   10.54    2.83    3.11    8.57    8.97    0.08   15.44   0.776   40   5.40     208	78   3
 20445  J095429.64+103530.1  ...	  0.0397   10.71    2.13    2.19    6.67    9.40    0.08   14.84   0.434   67   5.93     208	34   3
 20286  J095439.45+092640.7  ...	  0.0346   10.53    3.59    3.88   10.21    8.89    0.10   15.74   0.323   75	4.11    3178	44   1
 26017  J095641.82+111144.6  ...	  0.0416   10.71    5.24    5.46   11.51    8.57    0.09   14.97   0.562   58   4.46     109	42   3
 20448  J095812.59+110635.5  ...	  0.0272   10.06    2.04    2.17    6.07    9.12    0.08   15.40   0.587   56	3.26     109	20   2
 33737  J095851.33+320423.0  CGCG153-007  0.0270   10.69    5.85    7.27   17.66    8.84    0.04   14.28   0.661   50    ...     ...	 8   3
 18755  J100057.16+073743.2  CGCG036-018  0.0489   11.31    5.81    6.54   19.49    8.94    0.07   14.10   0.829   35	5.80     224	 5   2
 14863  J100134.25+065555.3  CGCG036-021  0.0489   11.39    4.83    5.33   16.05    9.17    0.06   14.15   0.567   57	5.95     330	 4   2
  5035  J100152.69+030040.7  ...	  0.0441   10.77    2.91    3.09    9.94    9.10    0.07   14.82   0.661   50	3.72   10840	40   2
 33777  J100250.75+323840.2  ...	  0.0477   10.10    1.70    1.77    4.49    8.82    0.04   16.86   0.718   45   5.47     109   195   3
 14831  J100530.26+054019.4  CGCG036-034  0.0444   11.21    4.60    5.00   13.62    9.13    0.05   14.59   0.404   69	4.25     299	 5   1
 18830  J101100.68+085920.7  ...	  0.0320   10.27    2.41    2.56    8.01    9.05    0.08   15.34   0.702   47	4.67     320	38   2
  8634  J101324.41+050131.7  ...	  0.0464   10.13    1.32    1.37    3.54    9.09    0.08   16.74   0.862   31   5.59     320   174   3
 18798  J101329.66+075415.5  CGCG036-062  0.0458   11.22    4.58    5.35   17.20    9.11    0.09   14.24   0.776   40	5.12     419	 6   2
 14943  J101600.20+061505.2  CGCG036-076  0.0458   11.33    4.56    4.85   16.36    9.23    0.06   13.74   0.935   21	6.44     330	 4   1
 18900  J102001.61+083053.6  ...	  0.0453   10.92    2.72    2.62    8.28    9.28    0.08   14.63   0.692   47	5.39    6825	23   1
 18875  J102004.22+074622.1  CGCG037-002  0.0451   11.11    4.62    4.85   16.29    9.01    0.07   14.34   0.673   49	5.47    6825	 9   2
 18877  J102025.15+074037.8  CGCG037-003  0.0452   10.97    4.37    4.64   11.75    8.91    0.07   14.62   0.435   67	4.08     336	18   2
 18872  J102039.65+075133.9  CGCG037-006  0.0451   11.13    4.25    4.48   15.17    9.11    0.07   14.26   0.679   49	5.93    6825	 8   2
 18887  J102055.54+081849.4  ...	  0.0458   10.76    3.38    3.66   10.62    8.92    0.08   15.42   0.333   74	3.95    6825	49   2
 26407  J102138.86+131845.6  ...	  0.0461   11.03    5.41    5.96   12.97    8.77    0.13   14.34   0.576   57   3.71     111	15   3
 26406  J102149.72+132649.6  CGCG065-008  0.0322   10.76    4.83    5.98   15.67    8.92    0.12   14.23   0.714   46   4.47     111	12   3
 54233  J102157.80+243918.7  IC2567	  0.0402   11.14    5.95    7.00   17.63    8.92    0.06   14.03   0.479   64	5.19     112	 5   2
 26320  J102238.71+120517.8  ...	  0.0450   10.71    2.35    2.43    7.15    9.20    0.11   15.48   0.624   53	4.89     112	59   2
 18862  J102241.20+082003.2  ...	  0.0446   10.68    4.00    4.28   11.77    8.71    0.09   15.19   0.544   59	3.81     254	66   2
 54240  J102253.59+243623.0  IC2569	  0.0463   11.13    4.61    4.98   15.67    9.01    0.06   14.32   0.867   31   5.97     199	 9   3
 26503  J102314.32+125224.0  ...	  0.0329   10.45    1.92    2.00    6.46    9.39    0.11   15.15   0.528   60   5.36     322	42   3
 26336  J102316.17+130528.7  CGCG065-013  0.0320   11.00    4.91    5.18   15.76    9.16    0.13   14.00   0.634   52	6.06     322	 4   2
 22999  J102316.42+115120.4  ...	  0.0455   10.64    4.20    4.65    9.77    8.62    0.10   15.46   0.285   78	3.79     112	83   1
 26319  J102339.36+130227.4  ...	  0.0322   10.29    2.84    3.02    8.45    8.91    0.12   15.44   0.476   64	5.26     322	39   2
 26436  J102413.51+131444.8  ...	  0.0326   10.01    2.36    2.36    6.00    8.78    0.11   16.09   0.883   29   5.57     322	41   3
 23029  J102705.85+110317.5  IC612	  0.0323   10.90    3.65    3.76   11.45    9.30    0.08   14.12   0.524   60   5.72     335	 6   3
 23026  J102721.97+110447.9  UGC5665	  0.0323   11.16    6.25    7.50   23.74    9.10    0.09   13.94   0.374   71	5.29     335	 2   2
 26535  J102727.40+132526.2  ...	  0.0315   10.06    3.68    3.82    9.73    8.47    0.12   15.41   0.431   67   3.26     331	35   3
 23069  J102742.61+104927.6  ...	  0.0316   10.22    3.36    3.51   10.11    8.71    0.09   15.51   0.826   35	5.60     335	36   2
  5204  J102750.83+023634.0  ...	  0.0285   10.40    3.00    3.14    7.85    9.09    0.10   14.82   0.785   39   4.70    3027	23   3
 23039  J102756.01+111444.6  ...	  0.0325   10.78    3.04    3.22   10.29    9.34    0.09   14.24   0.671   49	5.68     335	11   2
 23070  J102802.88+104630.4  ...	  0.0448   11.02    4.77    5.25   13.43    8.89    0.09   15.37   0.200   90   4.33     335	14   3
 23102  J102949.21+115144.4  ...	  0.0386   10.18    4.20    4.38    9.99    8.30    0.09   16.04   0.459   65   4.64     332	81   3
 54577  J103018.65+273422.9  ...	  0.0480   11.00    2.83    2.95    9.83    9.27    0.07   14.73   0.675   49   5.71    1661	20   3
 55541  J103246.99+211256.3  ...	  0.0429   10.62    4.41    5.04   12.50    8.61    0.07   15.31   0.233   83   3.08     190	72   3
 26602  J103347.41+124358.1  ...	  0.0325   10.74    3.41    3.59   11.52    9.20    0.08   14.56   0.726   45	6.40     211	13   1
 23203  J103549.90+121212.7  CGCG065-061  0.0371   10.92    4.34    4.55   13.98    9.05    0.08   14.26   0.732   44   6.03     211	10   3
 26586  J103611.29+131025.3  ...	  0.0334   10.06    1.47    1.55    4.23    9.22    0.08   15.87   0.651   51   4.16     106	45   3
 23213  J103621.90+115317.0  ...	  0.0293   10.14    3.49    3.74    9.00    8.67    0.07   15.53   0.331   74   3.67     206	26   3
 54763  J103721.85+272131.4  CGCG154-033  0.0421   11.11    6.00    5.10   19.39    8.84    0.06   14.38   0.821   36	4.83     192	 7   2
 26569  J103808.15+131737.0  ...	  0.0319   10.25    3.52    3.71    9.89    8.70    0.10   15.36   0.568   57   4.38     106	37   3
 26570  J103905.90+132153.5  ...	  0.0325   10.00    4.02    4.21    9.15    8.32    0.12   15.66   0.865   31	2.97     326	40   2
 23227  J103913.15+121130.9  ...	  0.0479   11.18    4.30    4.64   14.77    9.09    0.07   14.51   0.372   71	4.85    1565	 9   2
 23228  J103920.02+114128.1  ...	  0.0479   11.04    3.02    3.18   10.10    9.26    0.09   14.70   0.880   29	5.62     219	16   2
 15181  J104002.96+060114.0  ...	  0.0468   11.18    6.62    7.36   21.66    8.73    0.06   14.95   0.243   82	4.78    2583	 8   1
 15211  J104024.66+065137.7  ...	  0.0303   10.89    4.48    5.79   17.15    9.17    0.10   14.70   0.343   73	4.64     695	 5   2
 26640  J104028.50+133721.9  CGCG065-082  0.0317   10.99    5.88    6.59   20.47    9.00    0.10   13.81   0.745   43	5.97     326	 4   2
 26639  J104046.05+134659.9  ...	  0.0317   10.24    4.21    4.33   10.59    8.54    0.10   15.88   0.287   78	5.42     326	36   2
 15166  J104121.14+061644.3  CGCG037-116  0.0339   10.02    5.00    5.62   11.62    8.10    0.07   15.33   0.427   67	2.35    2583	48   2
 29555  J104145.56+135352.9  ...	  0.0316   10.38    3.33    3.63   11.29    8.88    0.09   14.94   0.767   41	4.55     326	36   2
 23315  J104200.74+114648.0  ...	  0.0329   10.45    2.87    3.17    7.91    9.05    0.08   15.05   0.720   45	4.34    1701	42   1
 57099  J104221.91+152134.6  IC637	  0.0490   11.10    5.12    5.83   17.88    8.84    0.09   14.05   0.839   34	4.71     200	13   2
 23302  J104248.63+110000.8  ...	  0.0295   10.43    3.56    3.83   11.02    8.94    0.08   14.79   0.708   46   4.51     439	27   3
 15151  J104251.39+055135.5  CGCG037-125  0.0334   10.99    4.21    4.60   13.51    9.24    0.06   14.39   0.378   71	4.93    2583	 5   2
 29594  J104639.64+140647.4  ...	  0.0336   10.03    3.06    3.08    8.95    8.56    0.09   16.01   0.350   73	5.33    1831	46   2
 15257  J104805.79+060114.4  ...	  0.0288   10.09    2.46    2.43    6.68    8.94    0.08   15.75   0.731   44   5.45     209	24   3
  8971  J104837.87+044756.4  ...	  0.0333   10.15    4.44    4.60    9.93    8.35    0.08   15.75   0.600   55   4.42   42538	45   3
 29505  J104858.81+130058.5  CGCG066-028  0.0362   10.76    5.24    5.66   13.41    8.75    0.09   14.37   0.568   57	3.67    1676	19   1
 15242  J105016.92+060721.3  CGCG038-026  0.0422   10.61    2.81    2.77    8.99    9.00    0.08   14.96   0.658   50	5.60    1573	72   2
 34723  J105134.08+301221.8  ...	  0.0356   10.57    3.55    3.86   12.37    8.91    0.07   15.03   0.726   45   5.60    2610	43   3
 23437  J105147.93+115901.7  ...	  0.0465   10.91    3.54    3.74   11.98    9.01    0.05   14.78   0.675   49	5.35     427	27   2
  8953  J105241.71+040913.9  ...	  0.0425   10.95    3.76    4.09   11.57    9.08    0.12   14.81   0.525   60   5.56     217	15   3
  8945  J105315.29+042003.1  ...	  0.0417   10.82    2.39    2.69    7.90    9.37    0.11   15.27   0.461   65   4.60    1515	25   3
 23408  J105322.36+111050.4  CGCG066-056  0.0430   11.04    5.49    6.26   19.95    8.84    0.06   14.20   0.728   44	5.53    1572	10   1
 23445  J105602.37+115219.8  ...	  0.0478   11.00    5.72    6.14   17.85    8.66    0.05   14.68   0.719   45	5.22     200	20   1
 23450  J105648.58+120535.7  ...	  0.0476   10.81    2.37    2.64    8.26    9.24    0.05   15.19   0.774   40	5.51     203	47   1
 23496  J105721.59+120611.0  ...	  0.0477   10.16    4.62    4.99    9.72    8.01    0.05   15.55   0.564   57   2.08     203   196   3
 54986  J105739.31+272937.1  ...	  0.0454   11.19    5.51    5.89   16.43    8.93    0.06   14.16   0.966   15	5.79     192	 7   2
 17659  J105807.59+091633.9  NGC3476	  0.0344   11.17    5.04    5.67   17.93    9.23    0.08   13.66   0.839   34	5.61     333	 2   1
 17640  J105929.94+084233.1  ...	  0.0349   11.04    4.59    5.37   16.54    9.18    0.09   14.51   0.560   58	5.61     442	 4   1
 17635  J105935.53+085536.5  CGCG066-078  0.0309   10.48    4.75    5.08   11.56    8.69    0.08   14.72   0.442   66   3.61     106	33   3
 17673  J105958.54+102312.4  ...	  0.0363   10.32    3.32    3.31    8.26    8.71    0.09   15.46   0.815   36   5.63     107	63   3
 15485  J110004.55+080622.2  ...	  0.0349   10.13    2.08    2.07    4.81    8.95    0.10   15.82   0.790   39   5.48     442	54   3
 23457  J110011.41+121015.1  ...	  0.0354   10.12    3.90    4.55   10.31    8.39    0.05   16.59   0.213   86   4.49     106	57   3
  5442  J110032.51+020657.8  UGC6087	  0.0394   11.10    8.26   11.11   19.42    8.62    0.12   13.95   0.670   49	2.99    1501	 6   1
 17684  J110037.27+102613.9  IC663	  0.0361   11.08    5.44    5.68   14.05    9.04    0.08   14.13   0.714   46	6.05     329	 4   2
 17622  J110043.97+090243.0  ...	  0.0354   10.05    3.50    4.04   11.28    8.41    0.07   16.58   0.260   80   4.49     106	57   3
 29624  J110050.33+133551.4  ...	  0.0340   10.32    4.02    5.12   12.76    8.59    0.04   15.92   0.250   81	4.17    1642	48   2
 23518  J110103.65+120827.7  ...	  0.0342   10.43    3.10    3.10    8.87    8.92    0.05   15.30   0.409   69	7.14     107	50   2
 34989  J110339.49+315129.4  UGC6124	  0.0466   11.04    3.51    4.03   13.19    9.15    0.08   14.87   0.361   72   4.35    6247	15   3
 23563  J110741.70+130132.4  CGCG066-117  0.0350   11.26    6.66    6.91   19.94    9.07    0.04   13.45   0.636   52	5.62     205	 2   2
 29699  J110818.34+131327.5  CGCG067-010  0.0340   11.01    6.07    7.30   24.48    8.92    0.05   14.11   0.929   22	5.15     205	 5   1
 47896  J110851.20+282832.5  UGC6191	  0.0363   11.12    6.30    7.56   18.44    8.95    0.07   13.76   0.786   39	3.73     199	 4   2
 48356  J111113.19+284147.0  NGC3561	  0.0287   11.25    6.43    8.53   24.67    9.26    0.08   13.40   0.819   36   4.33     959	 1   3
 47825  J111147.22+281602.2  CGCG156-017  0.0359   11.05    3.54    3.74   12.53    9.39    0.06   14.04   0.823   35   5.66     959	 5   3
 48205  J111151.56+271156.0  ...	  0.0471   11.12    3.56    4.14   14.72    9.21    0.06   14.31   0.775   40   3.44     184	10   3
 48160  J111201.78+275053.8  ...	  0.0474   11.03    3.40    3.89   11.51    9.15    0.06   14.94   0.665   50   5.46     199	16   3
 17840  J111254.48+093050.3  ...	  0.0291   10.19    2.03    2.15    6.37    9.20    0.07   15.29   0.555   58	5.05    1605	25   2
 12371  J111306.40+051403.0  CGCG039-070  0.0432   10.80    3.87    4.69   13.54    8.89    0.17   14.72   0.930   22	3.34    1687	33   1
 15612  J111341.33+074545.9  MRK1295	  0.0291   10.53    2.15    2.14    6.54    9.49    0.09   14.84   0.706   46	5.87    1607	22   2
 17824  J111404.85+090924.0  ...	  0.0342   10.11    3.05    3.37    7.82    8.62    0.09   16.02   0.302   77   3.77    1605	49   3
 23531  J111429.02+110847.8  ...	  0.0406   10.74    2.20    2.30    7.02    9.38    0.04   14.88   0.212   86   5.78    1612	34   3
 12318  J111443.35+040128.2  CGCG039-088  0.0417   11.21    4.36    4.64   15.23    9.23    0.13   13.88   0.774   40	5.60    2466	 4   2
 23539  J111447.94+114735.0  ...	  0.0379   10.19    1.74    1.76    4.76    9.10    0.05   15.99   0.466   65	5.76    1612	76   2
  5701  J111509.40+024156.4  ...	  0.0442   10.72    4.23    5.43   13.81    8.72    0.19   15.75   0.111   90   4.03     220	51   3
 48521  J111738.91+263506.0  ...	  0.0475   10.29    1.22    1.25    3.99    9.30    0.05   15.90   0.836   34   3.06     183   192   3
 48518  J111750.72+263927.0  ...	  0.0285   10.42    5.03    5.15   13.21    8.65    0.04   14.78   0.734   44   4.33     183	23   3
 24496  J111809.91+074653.9  ...	  0.0421   10.60    3.13    3.61    9.04    8.90    0.11   15.45   0.437   67   3.41    1524	73   3
 12452  J112006.21+041035.6  ...	  0.0492   10.82    3.28    3.54   10.16    8.94    0.12   15.42   0.407   69   5.53    1536	51   3
 12455  J112017.79+041913.3  CGCG039-125  0.0491   11.45    4.58    4.80   16.44    9.28    0.12   13.84   0.957   17	6.26    1536	 3   1
 12293  J112029.23+040742.1  CGCG039-127  0.0496   11.32    6.20    7.32   17.61    8.87    0.12   14.16   0.706   46	4.44    1536	 5   2
 48544  J112039.09+271737.4  ...	  0.0486   11.05    4.05    4.59   14.73    9.00    0.06   14.49   0.665   50   5.11     186	17   3
 12460  J112048.30+035021.0  ...	  0.0494   10.98    3.75    4.43   13.86    8.97    0.12   15.14   0.341   74	5.13      96	25   1
 12458  J112118.26+033953.0  CGCG039-133  0.0394   11.04    3.50    3.71   11.89    9.30    0.12   14.18   0.815   36	5.77    2045	 7   1
 29842  J112131.76+132535.7  IC2745	  0.0341   10.80    5.33    5.98   15.50    8.82    0.07   14.33   0.291   78	3.69    3072	12   1
  5848  J112142.43+033424.5  CGCG039-145  0.0391   10.44    4.83    5.58   13.83    8.43    0.13   15.30   0.313   76   2.96    2045	85   3
 23703  J112731.58+120834.3  IC2835	  0.0459   10.74    2.88    3.21    8.98    9.04    0.10   15.25   0.572   57   5.48     127	55   3
 48604  J112746.27+265734.5  CGCG156-077  0.0334   10.60    3.76    4.34   10.11    8.95    0.05   14.64   0.657   50   3.20      51	29   3
 29892  J112946.35+152001.1  CGCG096-056  0.0366   11.02    4.86    5.51   15.68    9.06    0.10   13.88   0.576   57	3.81     119	 6   2
  6015  J113524.48+021627.3  ...	  0.0289   10.23    2.33    2.92    7.75    9.13    0.08   16.40   0.371   71   4.46    1714	25   3
 23757  J113645.51+132009.9  ...	  0.0342   10.51    3.26    3.55    9.70    8.96    0.10   14.83   0.458   65	3.63     341	47   2
 23761  J113704.29+125535.7  IC2945	  0.0345   11.07    5.96    6.71   21.97    8.99    0.08   13.80   0.727   44   5.06     341	 4   3
 23739  J113706.07+115237.7  ...	  0.0358   10.90    2.72    2.93    9.64    9.47    0.08   14.58   0.432   67   6.13     252	 9   3
 23789  J114144.66+122937.1  ...	  0.0342   10.41    3.23    3.37    9.03    8.87    0.11   15.11   0.913   25   5.69     112	50   3
 23781  J114212.30+113041.1  ...	  0.0432   10.62    2.36    2.51    7.87    9.14    0.10   15.49   0.610   54   4.29     258	75   3
 48994  J114218.00+301349.0  UGC6664	  0.0322   10.73    6.70    9.16   25.94    8.61    0.06   14.35   0.275   79   2.67     103	14   3
 12597  J114309.53+055557.8  ...	  0.0315   10.31    2.31    2.19    6.62    9.13    0.07   15.40   0.455   65	5.45    2614	35   2
 18087  J114940.66+094255.1  ...	  0.0352   10.39    2.57    2.77    7.85    9.02    0.07   15.32   0.861   31	4.55      90	56   2
 23815  J115036.65+112151.9  ...	  0.0306   10.23    2.66    3.03    9.31    8.95    0.11   15.47   0.613   54   3.24     107	32   3
 18084  J115112.59+085311.6  ...	  0.0351   10.34    5.30    5.61   10.74    8.35    0.06   15.27   0.706   46   3.85     112	55   3
 18004  J115135.06+084507.6  ...	  0.0352   11.12    5.39    5.42   17.74    9.11    0.07   13.89   0.809   37   5.75     112	 3   3
 49433  J115536.63+292104.4  ...	  0.0458   10.45    3.12    3.27    8.43    8.68    0.06   15.57   0.627   53   3.67     109   164   3
 49386  J115913.81+305325.8  ...	  0.0294   10.53    3.13    3.81   12.26    9.15    0.04   15.19   0.416   68   5.30    1680	23   3
 18138  J120239.51+085624.2  ...	  0.0347   10.64    4.46    4.98   14.66    8.81    0.06   15.40   0.247   81   5.13      86	27   3
 18185  J120308.04+110920.4  ...	  0.0438   10.83    3.72    3.83   12.91    8.95    0.07   14.81   0.828   35   5.68    1201	30   3
 49727  J120445.20+311132.9  CGCG158-011  0.0250   10.27    2.31    2.40    7.85    9.30    0.05   15.11   0.455   65   4.76    1695	14   3
 18131  J120445.85+092521.1  ...	  0.0353   10.34    2.29    2.61    7.65    9.07    0.07   15.49   0.568   57   7.05      86	57   3
 18225  J120511.42+103341.0  ...	  0.0334   10.14    2.49    2.55    7.06    8.84    0.06   15.94   0.745   43   4.68    1201	45   3
 18220  J120536.25+104113.3  ...	  0.0344   10.50    3.72    3.70   10.17    8.83    0.07   15.17   0.320   75   4.71    1201	50   3
 18202  J121134.94+092106.8  ...	  0.0269   10.25    2.86    2.94    8.64    9.02    0.05   15.00   0.889   28	5.55      76	19   2
 30192  J121418.23+142345.8  ...	  0.0251   10.43    2.81    2.80    9.49    9.29    0.11   14.66   0.568   57	5.18     109	14   2
 30175  J121602.67+141121.8  IC3080	  0.0254   10.74    4.71    6.35   18.42    9.13    0.11   13.98   0.614   54	 ...     ...	 5   1
 24168  J121612.36+132615.4  ...	  0.0260   10.44    4.49    4.92   13.94    8.85    0.09   14.96   0.280   78	4.77    2601	16   2
 24740  J121718.89+084332.7  ...	  0.0492   10.20    3.36    3.61    8.63    8.30    0.05   16.76   0.207   87	4.12    2937   222   1
 24741  J121750.81+082549.0  IC3111	  0.0492   10.91    3.50    4.20   12.26    8.98    0.06   14.68   0.554   58	2.64    3034	33   1
 18335  J121853.94+100010.1  ...	  0.0431   10.87    3.05    3.20   10.13    9.17    0.06   14.83   0.633   52	6.03    3155	23   1
 18421  J122006.47+100429.2  ...	  0.0434   10.60    3.40    3.63   12.81    8.80    0.06   14.97   0.724   45	4.10    3155	82   1
 18279  J122023.10+085137.0  ...	  0.0488   10.60    2.53    2.63    7.50    8.95    0.06   15.59   0.683   48	3.84    3034   136   1
 24094  J122030.18+112027.3  IC3173	  0.0431   11.08    5.24    5.69   14.57    8.91    0.09   14.26   0.689   48	4.31    3280	 9   1
 24757  J122048.14+084214.4  ...	  0.0494   10.04    5.04    6.41   13.37    7.78    0.06   15.94   0.861   31	2.12    3034   226   1
 18422  J122123.25+095053.0  ...	  0.0467   10.56    2.21    2.27    6.78    9.07    0.06   15.09   0.656   50	5.28    3155   134   1
 30338  J122319.58+141813.4  ...	  0.0418   10.95    4.37    4.93   14.39    8.97    0.11   14.70   0.404   69	4.76     671	14   1
 28057  J122532.62+080301.4  ...	  0.0381   10.30    6.31    6.71   12.34    8.08    0.06   15.37   0.768   41	2.95    3272	77   2
  6375  J122727.61+031807.6  UGC7564	  0.0488   11.05    4.42    6.23   18.91    8.92    0.06   14.55   0.491   63	2.65    5659	17   1
 28062  J122800.84+081108.1  ...	  0.0377   10.70    4.06    4.52   12.83    8.87    0.06   14.91   0.514   61   4.43    3272	30   3
 28030  J122902.67+083133.3  ...	  0.0385   10.02    4.16    4.43    8.60    8.15    0.06   16.27   0.522   60   3.75    1597	81   3
 18482  J123053.16+090456.9  ...	  0.0393   10.43    1.93    1.97    6.42    9.21    0.05   15.61   0.735   44	5.54     311	88   2
 18469  J123251.49+084423.9  ...	  0.0338   10.15    5.02    5.32    9.57    8.24    0.05   15.19   0.800   38	2.51    2449	47   1
 50404  J123409.10+280750.5  ...	  0.0400   10.55    2.24    2.30    6.65    9.18    0.04   15.05   0.635   52   5.26    1626	76   3
 18581  J123443.54+090016.8  VCC1579	  0.0430   10.57    3.07    3.26   10.47    8.87    0.05   14.65   0.767   41	3.14    2449	92   1
 30401  J123445.19+143326.5  ...	  0.0465   10.50    3.13    4.05   11.04    8.71    0.10   15.71   0.775   40	3.55     128   173   1
 12967  J123553.51+054723.4  ...	  0.0419   10.57    3.64    4.06   14.50    8.74    0.06   15.06   0.630   52   5.05    3047	82   3
 12970  J123553.79+054539.8  VCC1643	  0.0418   10.89    6.94    7.83   21.60    8.51    0.07   14.39   0.782   40	5.50    3047	18   2
 18576  J123625.93+085639.7  ...	  0.0277   10.26    3.36    3.61    9.50    8.87    0.06   15.10   0.606   54	4.13    1696	21   2
 12966  J123632.24+061010.5  VCC1671	  0.0395   11.18    5.84    6.30   16.21    9.00    0.05   13.96   0.676   49	5.25     200	 4   1
 50406  J123653.92+274456.8  NGC4559B	  0.0258   10.41    6.09    6.12   13.65    8.57    0.06   14.34   0.817   36   3.11    1626	16   3
 30479  J123708.06+142426.9  ...	  0.0308   10.29    2.15    2.25    6.55    9.19    0.09   15.35   0.662   50	5.46    1819	32   1
 28143  J123711.40+083929.8  ...	  0.0283   10.30    3.65    4.20   12.09    8.83    0.05   14.99   0.530   60	3.11    1696	23   1
 30471  J123753.20+141652.7  VCC1737	  0.0263   10.83    5.18    5.70   16.96    9.11    0.08   13.65   0.777   40	5.58    1819	 4   1
 24366  J123938.86+122507.9  ...	  0.0411   10.86    2.16    2.23    7.23    9.51    0.13   14.96   0.420   68	5.76    3791	20   2
 24437  J123949.27+133256.8  CGCG070-205  0.0466   10.67    2.72    2.90    8.02    9.00    0.09   15.60   0.471   64	3.74     189	81   2
 12983  J124032.46+052119.9  VCC1845	  0.0466   11.04    4.24    4.76   12.89    8.98    0.06   14.68   0.542   59	4.35     186	15   1
 50550  J124128.01+284728.3  ...	  0.0350   10.29    3.66    3.73    8.26    8.62    0.05   15.14   0.622   53   3.27     123	55   3
 28482  J124307.28+111243.1  IC3694	  0.0282   10.23    5.38    5.45   12.53    8.42    0.08   14.63   0.694   47	2.32    1658	23   2
  6506  J124309.36+033452.2  VCC1956	  0.0487   10.77    5.08    5.65   11.14    8.52    0.09   14.89   0.594   55	3.05    1014	62   1
 13037  J124314.97+040502.0  VCC1959	  0.0485   11.03    3.23    3.46   11.36    9.18    0.08   14.72   0.760   42	5.85     292	18   1
 28462  J124618.26+115224.8  IC3760	  0.0449   10.73    2.55    2.67    7.77    9.16    0.07   15.11   0.581   56	5.62    2285	51   2
 28461  J124622.67+115235.7  IC815	  0.0443   11.36    5.08    5.33   17.71    9.19    0.07   13.76   0.834   34	5.87    2285	 3   2
 40393  J124723.17+081732.6  ...	  0.0485   10.47    3.23    3.35    8.72    8.62    0.07   15.61   0.631   52	3.42    2641   209   1
  6565  J124938.19+024520.2  CGCG043-037  0.0476   10.89    2.65    2.75    9.05    9.22    0.09   14.91   0.611   54	5.88    1157	33   1
  6583  J125055.79+031149.3  CGCG043-043  0.0483   11.20    4.24    4.64   15.08    9.12    0.08   14.15   0.782   40	5.59    1157	 8   1
 26822  J125129.06+134654.5  NGC4752*	  0.0376   11.03    5.82    7.12   17.72    8.89    0.11   13.81   0.486   63	3.48     221	 6   1
 13091  J125451.85+035305.4  CGCG043-063  0.0483   11.44    5.16    5.45   18.02    9.18    0.10   13.77   0.726   45	5.71     305	 3   2
 50856  J125547.82+281521.9  ...	  0.0270   10.40    4.23    5.16   14.97    8.83    0.03   15.40   0.241   82   5.13    2547	19   3
 50866  J125609.90+275039.3  ...	  0.0253   10.49    4.93    5.39   15.59    8.85    0.03   14.51   0.527   60   5.69    2780	14   3
 40495  J125626.93+093604.5  ...	  0.0459   10.92    3.09    3.20    9.48    9.15    0.06   14.71   0.645   51   5.08     247	24   3
 35497  J125650.61+285547.4  ...	  0.0270   10.44    4.66    4.96   14.57    8.79    0.03   14.25   0.384   70   4.92    2593	19   3
 28551  J125657.07+122148.6  ...	  0.0496   11.18    3.39    3.74   12.12    9.26    0.09   14.67   0.412   68	5.68     259	10   2
 40494  J125704.49+103714.5  ...	  0.0463   11.16    4.83    5.23   13.20    9.00    0.06   14.20   0.964   16	3.86     233	 8   1
 40502  J125752.83+101754.6  ...	  0.0363   10.19    3.44    3.89    9.89    8.54    0.06   15.87   0.219   85   3.15     233	63   3
 28526  J125828.59+112535.3  ...	  0.0487   10.32    4.41    4.74    9.20    8.19    0.10   15.71   0.609   54	2.91     149   211   1
 40500  J125911.09+103006.0  ...	  0.0460   10.88    3.26    3.39   11.59    9.07    0.06   14.91   0.733   44	5.22     149	29   1
 30508  J125926.22+142030.0  ...	  0.0471   11.02    4.62    5.06   17.12    8.88    0.07   14.60   0.730   44	5.25     291	17   1
 35475  J125935.67+283304.9  ...	  0.0253   10.29    2.59    2.71    9.10    9.21    0.03   14.94   0.576   57   5.79    3503	14   3
 13227  J125950.03+050251.2  CGCG043-091  0.0483   11.22    6.57    7.71   18.47    8.75    0.11   14.18   0.904   26	4.45     128	 7   1
 35437  J130125.07+284038.0  ...	  0.0291   10.23    7.60    7.89   15.76    8.09    0.04   14.45   0.923   23   2.70    3503	26   3
  6679  J130210.77+030623.6  CGCG043-105  0.0472   11.03    3.57    3.78   11.84    9.11    0.09   14.07   0.937   21   3.32     306	16   3
 25167  J130256.89+125250.0  ...	  0.0362   10.49    3.58    4.15   12.15    8.81    0.07   15.05   0.367   72	4.16     109	62   2
 40425  J130404.23+084820.6  ...	  0.0358   10.17    4.02    4.40   10.77    8.40    0.09   15.65   0.326   75	2.97     253	59   2
 13156  J130446.99+035417.8  CGCG043-135  0.0408   11.02    5.19    5.37   14.95    8.91    0.08   14.75   0.298   77	6.04    3371	 9   1
 13158  J130454.21+034928.1  UGC8173	  0.0410   10.81    4.52    5.23   13.28    8.81    0.08   14.35   0.807   37	2.61    3371	25   2
 25154  J130457.41+120444.6  IC845	  0.0358   11.13    4.92    5.59   16.77    9.18    0.08   13.81   0.789   39	5.93     259	 3   1
 13159  J130525.44+035929.7  ...	  0.0437   10.37    2.40    2.66    6.96    8.86    0.07   16.62   0.290   78   5.27    3371   135   3
 40647  J130624.82+095635.8  ...	  0.0487   10.73    4.16    4.32    9.22    8.65    0.07   14.88   0.653   51   3.09     354	74   3
  6749  J130750.80+031140.7  UGC8208	  0.0386   11.12    6.08    7.17   18.45    8.92    0.07   14.06   0.266   80	4.25     121	 5   2
 25215  J131032.19+110121.0  CGCG072-010  0.0427   10.59    4.29    4.54   10.41    8.60    0.08   14.84   0.635   52   2.98     293	81   3
 40570  J131104.94+084828.3  CGCG072-013  0.0325   11.14    6.20    6.61   18.64    9.08    0.08   13.43   0.613   54	5.61     244	 2   1
 25213  J131222.82+114339.5  ...	  0.0320   10.12    4.09    4.38    9.21    8.43    0.08   15.60   0.628   53   3.42     128	38   3
 25214  J131232.81+114344.2  CGCG072-023  0.0311   11.16    5.91    6.39   20.36    9.18    0.07   13.46   0.866   31	5.92     128	 2   1
 25236  J131357.26+123533.2  CGCG072-031  0.0256   10.24    4.09    4.20   12.53    8.76    0.06   14.75   0.908   25	5.16     103	15   2
 25202  J131415.99+120348.5  ...	  0.0343   10.52    3.04    3.20    8.39    9.03    0.07   14.64   0.680   48	5.29     111	45   2
 26936  J131525.21+152522.2  CGCG101-014  0.0266   10.74    3.48    3.80   12.19    9.36    0.07   14.36   0.458   65   5.99     332	 6   3
 40686  J131529.82+095100.6  ...	  0.0496   11.15    3.84    4.96   16.40    9.13    0.07   14.44   0.919   24	5.24     203	11   1
 26911  J131621.43+133006.6  CGCG072-041  0.0304   10.98    5.13    5.56   18.21    9.14    0.06   13.71   0.829   35	 ...     ...	 3   2
 40781  J131934.30+102717.5  ...	  0.0480   11.10    3.84    4.32   13.79    9.11    0.06   14.56   0.719   45	4.05     203	13   1
 40790  J131944.64+102145.9  ...	  0.0489   11.19    4.53    4.72   15.15    9.03    0.06   14.27   0.663   50	5.85     203	 9   1
 44354  J132050.70+313700.6  ...	  0.0448   10.68    4.17    6.36   15.28    8.67    0.03   15.33   0.660   50   3.06    3417	66   3
 51150  J132259.87+270659.1  IC4234	  0.0345   10.80    6.54    6.91   16.82    8.64    0.06   13.74   0.815   36   3.60  161224	13   3
 25296  J132357.45+120233.3  CGCG072-063  0.0390   11.01    2.80    3.24    9.55    9.47    0.08   14.44   0.580   56	4.13      96	 8   2
 51161  J132522.77+271456.7  ...	  0.0345   10.15    5.07    5.65   14.19    8.21    0.04   15.38   0.616   54   2.84  161224	51   3
 34531  J132939.26+294612.3  UGC8483	  0.0472   11.27    5.71    6.72   21.22    8.94    0.03   14.04   0.779   40	5.63     144	 5   2
 25347  J133019.15+113042.5  CGCG072-105  0.0378   11.09    4.23    4.64   16.75    9.22    0.08   13.91   0.767   41	5.90     213	 5   1
 40024  J133338.20+131409.6  CGCG073-026  0.0432   11.16    4.24    4.69   15.40    9.17    0.07   14.26   0.825   35	4.99     217	 6   1
 40007  J133542.39+131951.2  IC901	  0.0428   11.07    5.95    6.48   15.61    8.80    0.07   14.12   0.725   45	3.07     217	 9   1
 43963  J134142.40+300731.5  NGC5271	  0.0370   11.05    5.46    7.83   22.14    8.98    0.04   13.98   0.640   52   4.03     148	 5   3
 35659  J134159.72+294653.5  ...	  0.0449   11.14    4.73    5.35   16.17    9.02    0.05   14.41   0.515   61   4.83     148	 8   3
 44021  J134231.07+301500.1  CGCG161-128  0.0363   11.06    4.03    4.23   14.07    9.27    0.04   14.18   0.460   65   5.23     148	 5   3
 51190  J134404.06+253948.6  ...	  0.0486   11.03    4.98    5.66   13.16    8.79    0.04   14.42   0.445   66	3.70     367	19   2
 13551  J134505.90+034815.3  ...	  0.0331   10.05    2.77    2.91    7.86    8.67    0.06   15.75   0.553   58	4.81    2971	44   2
 13549  J134525.31+034823.8  CGCG045-091  0.0325   10.82    4.16    4.38   14.63    9.11    0.07   14.15   0.536   60	5.66    2971	 9   1
  7031  J134647.18+020712.1  ...	  0.0331   10.60    2.50    2.82    8.91    9.31    0.07   15.39   0.323   75	5.11    3197	28   1
 25475  J134807.60+112405.1  ...	  0.0360   10.34    2.18    2.43    6.73    9.09    0.09   15.58   0.619   53	 ...     ...	61   2
 38018  J134834.19+245329.2  ...	  0.0297   10.08    4.18    5.09   13.46    8.44    0.04   16.24   0.230   83   3.35     178	28   3
  7050  J134909.69+024511.5  ...	  0.0489   10.99    3.77    3.91    8.45    8.99    0.07   17.02   0.155   90	3.25    3220	23   1
  7058  J135032.13+031138.9  IC943	  0.0324   10.84    9.31    9.88   18.64    8.42    0.08   13.72   0.813   36	3.29    3220	 8   1
  7025  J135033.80+021355.9  ...	  0.0422   10.72    3.48    4.07   11.11    8.93    0.08   15.34   0.315   76	3.32    3197	43   1
 13624  J135152.41+032718.0  CGCG045-119  0.0296   10.31    5.86    6.45   13.70    8.38    0.09   14.41   0.670   49	2.50    1626	28   2
 35981  J135308.35+354250.5  UGC8802	  0.0411   10.30    4.78    8.79   19.46    8.25    0.04   15.31   0.458   65   2.50    3864   106   3
 44856  J135411.14+243322.5  ...	  0.0286   10.05    1.60    1.64    4.92    9.28    0.04   15.85   0.669   49   5.29     268	24   3
 44846  J135512.58+250117.1  IC4344	  0.0310   11.00    6.90    8.01   21.60    8.89    0.04   13.65   0.687   48	4.61     268	 3   2
 40317  J135533.72+144552.7  CGCG103-008  0.0408   11.07    3.55    3.97   13.47    9.29    0.06   14.33   0.772   40	5.45     196	 7   1
 44892  J135609.30+251143.6  CGCG132-055  0.0290   10.66    4.42    4.78   15.64    9.00    0.05   14.40   0.769   41   5.59     268	12   3
 13618  J135622.01+043710.6  ...	  0.0339   10.20    2.96    3.22    8.06    8.74    0.08   16.01   0.339   74   4.62   18451	47   3
 13674  J135815.23+035953.8  CGCG046-020  0.0300   10.10    5.25    5.64   11.64    8.25    0.10   15.00   0.522   61   2.58   18849	29   3
 40260  J135827.10+132904.7  CGCG074-022  0.0388   10.77    3.10    3.18   10.03    9.15    0.07   14.89   0.571   57	5.29     240	24   2
 40257  J135842.23+132722.9  CGCG074-024  0.0393   11.13    5.08    5.60   18.03    9.07    0.07   13.94   0.784   39	5.72     240	 5   1
 40247  J135942.61+124412.5  CGCG074-028  0.0392   11.35    4.93    5.38   18.15    9.32    0.09   13.60   0.672   49	5.69     240	 2   1
  9301  J140316.98+042147.4  ...	  0.0462   11.33    2.42    2.57    7.50    9.77    0.08   15.38   0.543   59	3.36   20281	 4   1
  9317  J140430.25+050629.4  ...	  0.0295   10.04    4.71    5.05   10.95    8.30    0.07   15.13   0.912   25   2.64   15250	27   3
 38458  J140603.77+123016.2  ...	  0.0387   10.41    2.82    3.17   10.94    8.88    0.08   15.50   0.887   28   5.51     220	82   3
 25575  J140606.72+123013.6  CGCG074-104  0.0379   11.22    4.37    4.99   15.34    9.32    0.08   14.02   0.710   46	5.52     220	 3   1
  7121  J140642.63+015452.2  ...	  0.0472   10.24    1.34    1.45    4.05    9.18    0.10   16.48   0.415   68   4.46     129   187   3
 25572  J140700.00+130019.1  CGCG074-109  0.0274   10.45    3.20    3.52   12.21    9.12    0.07   14.74   0.446   66	5.22     110	20   2
 41303  J140741.05+094835.8  ...	  0.0374   10.23    2.02    1.99    5.80    9.01    0.07   15.95   0.584   56	6.60     109	72   2
  9287  J140836.94+032522.6  CGCG046-058  0.0404   10.94    4.45    4.90   13.11    8.97    0.08   14.50   0.417   68	3.94    1679	13   1
 30746  J140908.49+061048.8  ...	  0.0363   10.32    1.92    2.00    5.84    9.18    0.06   15.55   0.508   62   5.91    1680	63   3
 38529  J140946.81+113505.4  CGCG074-124  0.0382   11.32    6.21    7.21   21.57    9.11    0.06   13.69   0.689   48	5.57     110	 2   1
 38538  J141119.35+113105.1  ...	  0.0385   10.13    2.73    2.94    8.81    8.63    0.06   15.74   0.885   28	3.38     106	80   2
 38546  J141229.86+111425.9  UGC9089	  0.0282   11.03    6.73    7.47   18.52    9.02    0.06   13.56   0.382   71	4.37     106	 2   2
  7286  J141432.05+031124.9  IC988	  0.0269   10.73    5.29    5.49   13.65    8.97    0.09   13.54   0.790   39	4.56    1696	 6   1
  9384  J141509.84+042840.4  ...	  0.0491   10.79    4.04    4.65   12.13    8.73    0.08   15.14   0.569   57	3.72    2525	58   1
 38462  J141545.94+102619.8  CGCG074-152  0.0258   10.75    6.14    6.86   16.22    8.90    0.08   14.07   0.485   63	4.39     110	 5   1
 41444  J141547.01+085436.6  ...	  0.0287   10.73    2.18    2.25    7.20    9.69    0.07   14.22   0.630   52	5.32     222	 8   2
 38472  J141608.76+103543.8  ...	  0.0264   10.19    3.20    3.30   10.14    8.89    0.07   14.99   0.540   59	5.45     208	17   1
  9343  J141648.38+033748.2  ...	  0.0493   10.72    2.18    2.54    7.95    9.20    0.09   15.52   0.538   59	4.10    1706	80   1
  7310  J141657.47+021039.5  CGCG018-102  0.0261   10.44    2.48    2.66    9.00    9.37    0.12   14.67   0.614   54   5.20    1636	16   3
 45439  J141722.70+250310.1  CGCG133-024  0.0299   10.90    3.52    3.63   11.33    9.40    0.05   14.00   0.459   65	5.69   28617	 5   2
 38591  J141740.51+103459.9  ...	  0.0271   10.28    3.97    4.60   15.87    8.77    0.08   14.91   0.780   40	6.03     110	19   1
 41323  J141822.46+080551.0  CGCG046-091  0.0440   11.02    4.30    4.18   13.55    9.00    0.09   14.39   0.765   41	5.53     131	13   1
 45254  J141830.77+291012.3  CGCG163-026  0.0349   11.03    3.46    3.88   12.27    9.41    0.05   14.02   0.677   49   4.98     161	 5   3
 30854  J141833.16+071712.4  ...	  0.0257   10.16    5.86    6.33   17.52    8.36    0.09   15.59   0.197   90	4.50    1680	15   2
 30847  J141835.33+072118.8  ...	  0.0250   10.29    3.40    3.51   10.16    8.98    0.08   14.86   0.416   68	5.59    1680	14   2
  7405  J141837.70+020245.4  ...	  0.0256   10.53    4.55    5.01   10.96    8.95    0.10   14.98   0.269   79   3.74    1636	13   3
 30811  J141845.69+055004.7  CGCG047-002  0.0489   11.28    4.14    4.24   13.54    9.21    0.07   14.21   0.422   68	5.26    1732	 6   1
  9507  J142032.84+050638.3  ...	  0.0496   10.73    3.29    3.43    8.58    8.84    0.09   15.44   0.614   54	4.85    2740	81   1
  9514  J142209.71+043116.1  ...	  0.0267   10.51    4.03    4.86   14.41    9.00    0.09   14.88   0.755   42	4.53    2205	17   1
  9463  J142505.50+031359.3  ...	  0.0356   10.79    3.32    3.54   11.08    9.19    0.10   14.48   0.716   45	4.54    1756	15   1
  7499  J142632.10+024506.0  CGCG047-040  0.0394   10.76    4.12    4.52   13.08    8.88    0.09   14.63   0.430   67	3.26    1692	27   1
  7457  J142713.78+025048.6  ...	  0.0357   10.81    3.67    3.86   12.20    9.12    0.09   14.38   0.623   53	5.82    1692	14   1
  7493  J142720.13+025018.1  CGCG047-043  0.0264   10.56    4.58    5.08   12.36    8.95    0.09   14.49   0.397   70	3.70    1692	13   1
 45940  J142748.88+262900.7  ...	  0.0325   10.43    2.55    2.89    9.90    9.13    0.05   15.16   0.822   36   5.86      61	40   3
 28703  J142802.34+120134.9  ...	  0.0267   10.16    5.84    5.87   14.22    8.32    0.07   15.41   0.250   81   3.77     108	18   3
  9619  J142833.30+031543.1  UGC9277	  0.0277   11.04    8.35    8.85   24.00    8.86    0.07   13.54   0.225   84	4.65    1692	 2   1
  9615  J143001.87+032352.1  ...	  0.0333   10.15    1.62    1.69    4.97    9.23    0.08   16.67   0.808   37   5.35    1691	44   3
  7509  J143019.95+030529.0  CGCG047-068  0.0312   10.51    3.56    3.62    9.64    8.97    0.09   14.71   0.659   50	3.89    1690	32   1
 28875  J143041.62+115913.3  ...	  0.0271   10.39    2.76    2.83    8.19    9.19    0.07   14.80   0.769   41	5.83     107	19   2
  9607  J143043.65+031149.3  ...	  0.0268   10.26    2.16    2.19    6.65    9.28    0.08   15.06   0.396   70   5.79    1691	18   3
  9604  J143052.86+031608.2  CGCG047-071  0.0316   10.80    4.19    4.54   12.85    9.10    0.08   14.43   0.613   54	3.69    1691	 9   1
 38198  J143134.60+244053.6  ...	  0.0378   10.65    4.01    4.49   13.32    8.83    0.09   14.81   0.471   64    ...     ...	37   3
 41482  J143152.89+071915.1  CGCG047-080  0.0273   11.07    5.40    6.53   19.43    9.28    0.08   13.91   0.586   56	5.44    1684	 1   1
  7520  J143314.34+023909.6  CGCG047-087  0.0291   10.80    4.92    5.50   15.45    9.04    0.10   14.25   0.411   68	5.66    1690	 6   2
  7561  J143335.68+023819.3  CGCG047-092  0.0283   10.59    3.90    4.36   14.30    9.05    0.10   14.59   0.370   71	4.02    1690	15   1
  9814  J143348.34+035724.7  CGCG047-094  0.0293   10.87    6.01    7.20   17.00    8.93    0.10   13.90   0.762   41	4.21    1696	 5   1
  9601  J143351.42+034046.1  CGCG047-095  0.0288   10.83    3.67    3.84   12.20    9.33    0.10   14.18   0.538   59	6.09    1696	 5   2
  9585  J143419.01+033951.7  CGCG047-101  0.0336   11.04    4.47    5.01   16.47    9.23    0.10   13.95   0.572   57	4.45    1696	 4   2
  9776  J143446.68+032029.7  CGCG047-106  0.0276   11.04    5.01    5.68   18.45    9.31    0.11   14.18   0.310   76	5.76    1696	 2   1
  9572  J143535.74+034121.2  CGCG047-111  0.0280   10.66    5.44    6.18   14.75    8.84    0.11   14.61   0.301   77	4.09    1696	10   1
 46068  J143709.53+251503.0  CGCG133-098  0.0340   11.40    5.03    5.99   17.60    9.48    0.08   13.88   0.538   59	5.59      90	 1   2
 31095  J143749.60+064454.3  CGCG047-122  0.0290   10.08    6.14    6.39   13.46    8.13    0.09   14.91   0.600   55   2.52    1995	25   3
 29090  J143810.20+092009.7  IC1035	  0.0303   11.01    5.49    5.42   16.63    9.11    0.10   13.69   0.792   39	5.86     362	 3   1
  7581  J143915.52+024340.9  CGCG047-126  0.0279   11.04    6.19    6.41   18.85    9.12    0.09   13.45   0.664   50	5.75    2701	 2   1
  9748  J143917.94+032206.0  CGCG047-128  0.0279   10.83    8.09    9.19   23.71    8.67    0.09   13.85   0.530   60	5.74    1690	 5   1
 41621  J144011.86+081512.2  ...	  0.0296   10.35    1.69    1.71    5.16    9.50    0.08   15.03   0.399   69   5.27      93	28   3
  9917  J144025.99+033556.0  CGCG047-131  0.0281   10.66    2.27    2.35    7.14    9.60    0.09   14.53   0.715   46	5.58    1690	10   1
  9702  J144043.35+032226.4  IC1043	  0.0319   10.79    2.25    2.32    7.37    9.63    0.09   14.41   0.510   61   5.50    2701	10   3
  9704  J144059.30+030813.5  UGC9463	  0.0265   10.95    5.79    6.33   17.22    9.12    0.10   13.77   0.321   75	5.37    2701	 2   1
 41703  J144119.18+085256.5  ...	  0.0294   10.16    2.98    3.04    9.44    8.82    0.07   15.34   0.569   57	3.71     208	27   2
  9938  J144140.50+040347.1  ...	  0.0275   10.08    5.75    6.31   12.53    8.24    0.09   15.16   0.936   21   3.12    1696	20   3
 41699  J144213.77+084036.0  CGCG075-117  0.0341   10.92    5.38    6.31   16.05    8.94    0.08   14.24   0.621   53   4.90     218	 7   3
  9695  J144216.88+034844.7  ...	  0.0257   10.13    3.19    3.42   10.96    8.85    0.09   15.18   0.387   70   5.26    1687	15   3
  9891  J144225.70+031354.9  CGCG047-147  0.0258   10.97    5.20    5.46   15.54    9.27    0.09   13.53   0.445   66	5.19    1687	 2   1
 31131  J144248.49+063924.3  CGCG048-003  0.0279   10.48    3.03    3.26    9.98    9.17    0.09   14.49   0.766   41   5.38    1743	21   3
  9942  J144325.65+042244.6  CGCG048-008  0.0264   10.82    4.34    4.51   15.20    9.25    0.09   13.74   0.787   39   5.22    1911	 4   3
 41718  J144338.96+083350.7  ...	  0.0346   10.46    2.62    2.74    8.77    9.09    0.08   15.20   0.822   36   5.73     218	52   3
 31478  J144350.25+313128.7  ...	  0.0335   10.37    1.77    1.85    5.79    9.37    0.04   15.39   0.412   68   5.49      84	46   3
 29205  J144551.55+100910.4  ...	  0.0375   10.11    3.29    4.08    9.34    8.47    0.07   16.44   0.286   78	3.21     299	72   2
 41723  J144605.27+085456.2  CGCG076-020  0.0295   10.71    3.28    3.47   11.06    9.29    0.08   14.11   0.618   53   5.29     221	10   3
 29225  J144636.62+115108.7  ...	  0.0294   10.40    2.84    2.89    8.35    9.11    0.08   15.07   0.619   53	5.45     281	27   2
  9863  J144725.16+032627.9  ...	  0.0274   10.52    2.90    3.05   10.23    9.27    0.10   14.70   0.720   45	5.11    2190	18   1
 38751  J144734.58+091351.7  CGCG076-045  0.0290   10.20    7.16    7.85   17.00    8.12    0.09   15.25   0.255   81	3.02   11717	25   1
 38758  J144743.50+093217.4  CGCG076-050  0.0291   10.78    2.66    2.89    9.62    9.55    0.08   14.10   0.436   67	5.37     221	 7   1
 38752  J144759.39+092534.4  CGCG076-052  0.0288   10.30    9.12   10.21   18.65    8.01    0.09   14.58   0.775   40	2.86   11717	24   1
 29420  J144858.71+122924.4  ...	  0.0474   11.26    4.74    5.08   16.22    9.09    0.08   14.10   0.870   30	5.44      87	 6   1
 38748  J144859.36+093017.1  ...	  0.0467   10.90    2.32    2.38    7.77    9.37    0.07   14.97   0.540   59	6.06   11717	28   1
 29371  J144907.58+105847.6  CGCG076-065  0.0292   10.70    4.18    4.35   14.12    9.07    0.06   14.16   0.677   49   5.31     141	10   3
 38717  J144929.32+090445.1  CGCG076-067  0.0405   10.41    4.48    5.04   12.85    8.44    0.08   15.35   0.613   54	3.02   11717   100   1
 38716  J145008.03+090445.8  ...	  0.0500   10.06    3.37    3.64    9.79    8.14    0.08   16.57   0.265   80	2.56   11717   236   1
 38718  J145009.95+091241.5  ...	  0.0291   10.05    3.13    3.07    8.29    8.68    0.08   15.25   0.761   41	3.07   11717	25   1
 10032  J145024.11+043655.2  ...	  0.0468   10.82    1.66    1.80    5.21    9.57    0.14   15.35   0.407   69   5.43    1682	42   3
 38703  J145029.39+085937.7  ...	  0.0401   10.28    3.19    3.36    9.54    8.60    0.08   15.50   0.783   39	2.76   11717	96   1
 38732  J145033.16+093742.2  CGCG076-071  0.0499   11.08    3.50    3.50   10.89    9.13    0.08   14.41   0.924   23	5.72   11717	17   2
 38728  J145055.60+093946.5  ...	  0.0386   10.08    1.32    1.38    4.42    9.21    0.09   16.21   0.722   45	5.19     144	82   2
 10031  J145106.43+045032.6  CGCG048-027  0.0273   10.83    4.70    4.94   13.96    9.16    0.10   13.97   0.620   53	5.78    1693	 4   1
 38706  J145129.30+092005.9  UGC9561	  0.0293   10.96    4.02    5.10   14.64    9.36    0.09   13.80   0.517   61	4.28   11717	 3   2
 10019  J145153.39+032147.7  CGCG048-033  0.0308   10.68    6.32    7.19   17.82    8.65    0.12   14.20   0.471   64	2.95    5768	14   1
 10010  J145233.83+030840.5  CGCG048-039  0.0277   10.82    5.63    6.19   17.35    8.99    0.13   14.24   0.477   64	4.12    5768	 5   1
 10040  J145235.22+043245.1  CGCG048-041  0.0286   10.98    5.38    6.04   16.33    9.16    0.11   13.82   0.705   46	5.15    3652	 3   1
 10012  J145243.07+031329.3  CGCG048-044  0.0279   10.76    3.48    3.74   12.72    9.33    0.12   13.96   0.685   48	5.55    5768	 7   2
 42233  J145304.36+310406.0  ...	  0.0323   10.49    2.50    3.04    7.68    9.22    0.05   15.48   0.424   68   3.73     317	39   3
 10005  J145307.29+033217.4  ...	  0.0334   10.47    2.51    2.64    7.48    9.17    0.11   15.05   0.734   44   4.95    5768	45   3
 42191  J145403.73+305046.4  ...	  0.0320   10.12    1.71    1.74    4.86    9.19    0.06   15.31   0.641   52   2.62     317	38   3
 10058  J145413.13+045029.5  IC1072	  0.0347   11.06    5.55    6.04   19.15    9.03    0.10   13.78   0.640   52	5.68    3652	 4   2
 38935  J145458.46+114156.2  CGCG076-094  0.0305   10.90    3.61    4.02   14.43    9.36    0.09   13.88   0.576   57   5.09      79	 5   3
 41783  J145730.93+082326.3  CGCG076-111  0.0371   11.09    3.18    3.29   10.12    9.49    0.10   13.93   0.524   60	4.58     141	 5   2
 38923  J145758.08+110027.4  CGCG076-114  0.0479   11.04    4.92    5.28   14.07    8.83    0.10   14.27   0.738   43	3.55      64	16   2
 10132  J145805.70+031745.7  CGCG048-081  0.0443   11.05    3.60    3.74   11.59    9.18    0.13   14.59   0.316   76	5.80    1702	11   1
 10145  J145806.39+040603.6  CGCG048-082  0.0444   11.06    4.12    4.57   15.21    9.07    0.15   14.22   0.834   34	4.46    2452	11   1
 41793  J145841.32+075905.9  CGCG048-086  0.0376   11.25    7.25    8.35   19.82    8.92    0.09   13.56   0.813   36	5.38     149	 2   2
 10150  J150026.75+041044.4  ...	  0.0328   10.53    3.50    3.70    9.26    8.96    0.13   14.77   0.461   65	3.73    2298	36   1
 41743  J150204.10+064922.9  ...	  0.0462   10.45    3.39    3.57    8.99    8.60    0.09   15.79   0.415   68   3.59    1677   171   3
 38964  J150216.35+115503.2  CGCG076-136  0.0322   11.27    5.74    6.86   19.22    9.28    0.12   13.56   0.540   59	5.41      78	 1   1
 39014  J150513.62+084747.6  CGCG076-145  0.0449   11.05    4.86    5.23   15.92    8.91    0.09   14.21   0.767   41   5.00      79	12   3
 39082  J150721.51+095541.0  CGCG077-013  0.0352   11.02    5.41    5.68   18.80    9.01    0.10   13.99   0.586   56   5.14     148	 5   3
 41869  J150921.50+070439.8  ...	  0.0414   10.15    3.22    3.16    6.85    8.44    0.11   16.05   0.366   72   3.40    1613   109   3
 39120  J150935.51+102525.9  ...	  0.0276   10.26    3.44    3.69   10.23    8.86    0.10   15.63   0.266   80	4.00     201	20   2
 41863  J151028.90+072455.4  ...	  0.0322   10.11    4.20    3.43    8.99    8.40    0.10   16.46   0.356   72   1.76    1613	39   3
 38974  J151133.48+092824.2  CGCG077-036  0.0353   11.17    4.82    6.22   21.45    9.26    0.11   14.02   0.666   50	5.97     144	 3   2
 10218  J151140.36+034034.2  ...	  0.0464   10.76    4.37    5.00   13.00    8.69    0.12   14.55   0.863   31	2.74    1666	52   1
 42015  J151201.77+061309.3  ...	  0.0462   10.18    5.02    6.46   12.80    7.99    0.10   15.53   0.814   36	2.38    1488   171   1
 10211  J151219.92+031826.6  ...	  0.0469   10.97    5.70    5.81   13.20    8.65    0.12   14.88   0.386   70   4.01    1666	21   3
  7813  J151243.59+012752.2  CGCG021-049  0.0293   10.79    4.15    4.74   15.08    9.17    0.13   14.04   0.581   56   5.60    1811	 7   3
 10297  J151252.96+043050.4  CGCG049-043  0.0370   11.14    3.15    3.24   10.82    9.55    0.14   13.74   0.707   46	5.75    1408	 4   2
 10292  J151322.09+040701.2  ...	  0.0426   10.44    2.45    2.54    6.77    8.95    0.11   15.63   0.395   70	5.53    1666   122   1
 39211  J151435.92+082002.1  CGCG077-049  0.0334   11.03    3.38    3.49   11.40    9.47    0.08   13.69   0.492   63	5.61     135	 4   2
 42025  J151507.55+070116.5  ...	  0.0367   10.88    4.03    4.52   13.63    9.08    0.13   14.72   0.457   65	4.90    1605	12   1
 42020  J151516.46+063918.5  ...	  0.0352   10.51    3.82    3.87   11.24    8.80    0.09   15.20   0.565   57	5.75    1696	52   1
 42017  J151524.84+062654.0  ...	  0.0452   10.55    1.67    1.77    5.37    9.33    0.10   15.59   0.486   63	5.81    1696   125   1
 41969  J151531.54+062213.3  CGCG049-077  0.0351   10.42    5.18    5.98   16.98    8.45    0.11   14.43   0.907   25	2.04    1696	55   1
 42140  J151531.97+072829.0  CGCG049-078  0.0457   10.98    3.84    4.04   12.65    9.02    0.09   14.57   0.437   67	5.99     147	18   1
 10367  J151553.85+030301.1  CGCG049-080  0.0379   11.08    4.68    5.24   13.10    9.12    0.14   14.31   0.576   57	4.54    2527	 5   1
 42011  J151615.35+064747.5  CGCG049-081  0.0343   10.78    3.15    3.23    9.83    9.26    0.10   14.43   0.531   60	5.81    1696	14   2
 42141  J151619.14+070944.4  CGCG049-082  0.0360   10.97    8.57   10.40   19.16    8.53    0.10   13.95   0.585   56	3.49    2261	 7   1
 41970  J151630.15+061408.6  ...	  0.0458   10.65    3.38    3.96    9.76    8.80    0.11   16.27   0.243   82	3.77    1696	84   1
 10358  J151711.15+032105.7  CGCG049-095  0.0370   11.09    4.60    4.88   15.01    9.17    0.11   14.14   0.825   35	5.86    3103	 5   1
 10404  J151722.96+041248.9  CGCG049-098  0.0361   11.02    3.60    3.83   12.72    9.34    0.12   14.04   0.708   46	5.87   11092	 5   1
 42156  J151724.33+072921.9  ...	  0.0336   10.52    3.48    3.72   11.28    8.93    0.09   15.08   0.635   52	5.79    2261	42   1
 41974  J151758.30+064445.4  ...	  0.0349   10.64    4.16    4.42   12.95    8.86    0.09   14.96   0.633   52	5.56    2261	28   1
 42174  J151817.19+070757.0  ...	  0.0320   10.34    2.25    2.29    6.63    9.17    0.10   15.33   0.610   54	5.69    2261	38   2
 42175  J151832.42+070720.7  ...	  0.0456   10.88    3.49    3.68   11.39    9.01    0.10   14.75   0.708   46	5.71    2261	28   1
 10447  J151840.93+042505.3  ...	  0.0471   10.68    3.59    3.75    9.84    8.76    0.12   15.39   0.834   34	5.45    1930	80   1
 42167  J151853.66+073433.3  ...	  0.0369   10.39    2.94    3.01    9.91    8.86    0.12   15.41   0.672   49	5.31    2261	68   1
 39469  J151903.38+080819.4  CGCG049-125  0.0338   11.12    5.79    6.87   21.16    9.09    0.09   13.88   0.569   57	5.27     108	 3   1
 46564  J151925.35+254713.6  CGCG135-046  0.0323   11.05    4.15    4.45   14.31    9.34    0.13   13.90   0.761   41	5.50     261	 3   2
 39467  J151953.53+080557.2  CGCG049-131  0.0334   10.98    5.46    5.96   17.11    9.00    0.09   14.13   0.593   55	5.60     108	 5   1
 39465  J152028.70+081706.6  ...	  0.0372   10.50    2.56    2.59    8.00    9.09    0.08   15.29   0.905   26	5.81     108	69   1
 39448  J152037.22+080305.7  ...	  0.0338   10.09    1.77    1.97    6.10    9.08    0.09   16.10   0.430   67	5.42     108	47   1
 25057  J152106.26+304036.9  ...	  0.0308   10.01    3.12    2.90    8.04    8.59    0.06   15.81   0.719   45   5.35    2185	32   3
 25115  J152112.78+303928.5  CGCG165-039  0.0308   10.50    2.93    2.79    8.96    9.14    0.06   14.60   0.537   59   5.40    2185	32   3
 39407  J152239.21+083226.7  ...	  0.0366   10.26    2.57    2.64    7.44    8.86    0.10   15.89   0.484   63   5.26    1513	65   3
 39532  J152346.52+083853.1  ...	  0.0301   10.24    4.03    4.09   11.06    8.62    0.09   15.55   0.731   44   6.09    1513	29   3
 39605  J152559.84+094724.5  ...	  0.0339   10.13    1.86    2.00    6.44    9.07    0.10   15.92   0.972   14	5.45     175	48   1
 39607  J152706.28+094746.3  ...	  0.0438   10.90    2.60    2.74    8.60    9.33    0.10   14.78   0.979   12	 ...     ...	22   1
 39595  J152716.72+100240.2  ...	  0.0435   10.87    3.66    4.25   13.37    9.01    0.11   14.61   0.534   60	3.50     188	24   1
 39606  J152716.73+094603.8  ...	  0.0437   10.65    3.06    3.24    9.09    8.94    0.11   15.20   0.814   36	5.41     188	67   1
 39567  J152747.42+093729.6  ...	  0.0312   10.57    2.85    3.07    9.55    9.22    0.10   14.93   0.527   60	3.84     107	25   1
 39600  J152750.23+094002.2  ...	  0.0436   10.72    2.78    2.84    8.38    9.09    0.10   15.16   0.483   63	5.19     107	49   2
 46678  J153339.97+242416.8  CGCG136-012  0.0434   11.19    5.66    6.52   22.01    8.95    0.15   13.97   0.912   25	4.73     175	 5   2
 26980  J154010.48+060427.8  ...	  0.0484   10.09    3.46    3.69    9.89    8.18    0.19   16.77   0.257   80	3.15   11120   207   1
 28348  J154051.59+282027.7  ...	  0.0329   10.22    3.32    3.96   10.44    8.69    0.08   16.22   0.415   68   4.62    4531	42   3
 28327  J154129.97+275911.4  ...	  0.0320   11.02    3.40    3.93   13.28    9.49    0.10   13.79   0.865   31   5.84    4531	 3   3
 42287  J154245.88+245909.9  CGCG136-062  0.0336   11.19    5.29    5.86   18.15    9.23    0.12   13.45   0.659   50	4.70     172	 2   2
 28317  J154408.13+274024.3  ...	  0.0316   10.07    1.99    2.03    5.71    9.02    0.09   15.76   0.457   65   5.75     943	36   3
 26958  J154654.33+055328.3  UGC10029	  0.0419   11.26    5.30    6.23   19.22    9.10    0.15   13.52   0.662   50	4.71     189	 4   1
 25682  J154811.74+090424.5  ...	  0.0393   10.59    2.55    2.75    8.97    9.13    0.11   15.11   0.639   52   5.85    1703	57   3
 47221  J154902.67+175625.5  CGCG107-040  0.0318   10.54    4.76    5.06   11.10    8.72    0.11   14.63   0.610   54	3.05    4899	31   1
 42402  J155125.21+254539.0  ...	  0.0460   11.03    5.37    6.14   16.67    8.78    0.19   14.47   0.360   72	4.18     125	15   1
 25721  J155506.74+093023.0  ...	  0.0341   10.09    2.62    2.99    8.40    8.73    0.11   16.38   0.346   73   4.16    1688	49   3
 21023  J155636.91+272911.9  ...	  0.0415   10.32    1.50    1.47    4.66    9.27    0.11   16.01   0.407   69	5.84   10176   110   1
 31156  J155752.01+041544.3  CGCG051-009  0.0258   10.68    4.74    5.56   16.52    9.05    0.21   14.09   0.523   60	5.76    2173	 7   1
 29487  J155754.56+092435.7  CGCG079-014  0.0428   11.17    3.91    4.24   13.35    9.26    0.12   14.07   0.967   15	5.56    1688	 6   1
 47405  J155928.62+201303.1  CGCG108-035  0.0491   10.38    3.93    4.06   10.13    8.34    0.14   15.18   0.793   38	2.26    2609   220   1
 10817  J220120.93+121148.1  ...	  0.0291   10.61    2.81    2.87    9.50    9.33    0.24   14.55   0.653   51	6.34     208	15   1
 10827  J220147.39+131228.5  ...	  0.0301   10.11    2.76    2.84    7.82    8.81    0.18   15.65   0.581   56	6.50     208	29   2
 10831  J220322.59+123857.6  CGCG428-021  0.0273   10.46    3.50    3.71   10.11    9.05    0.16   14.80   0.516   61	5.00     186	20   2
 10856  J220330.28+123938.9  NGC7195	  0.0264   10.78    4.23    4.45   12.88    9.24    0.16   13.94   0.780   40	5.41     186	 5   2
 10813  J220358.03+115421.2  ...	  0.0268   10.55    3.70    3.92   12.05    9.11    0.46   14.62   0.811   37	5.47     186	14   2
 10836  J220419.41+125806.2  CGCG428-026  0.0274   10.69    3.53    3.79   12.43    9.27    0.15   14.28   0.564   57	6.28     208	 8   2
 10850  J220538.79+122521.3  ...	  0.0355   10.28    3.30    3.41    8.16    8.69    0.25   15.76   0.325   75	4.00     186	58   2
 10863  J220848.81+132152.9  ...	  0.0275   10.48    3.20    3.56   10.93    9.14    0.20   15.13   0.389   70	5.57     208	20   2
 10841  J221111.69+114802.6  ...	  0.0270   10.36    3.15    3.40    9.37    9.05    0.22   14.66   0.676   49	3.68    3264	19   2
 10885  J221212.48+121218.6  ...	  0.0275   10.04    4.06    4.25    8.98    8.49    0.18   14.83   0.787   39	2.51    2790	20   2
 10889  J221236.07+140103.9  ...	  0.0266   10.45    3.23    3.76   12.67    9.14    0.17   14.83   0.832   34	5.15    7104	18   2
 10890  J221241.31+140434.4  ...	  0.0252   10.35    4.98    5.67   16.23    8.71    0.17   14.66   0.869   30	5.26    7104	14   2
 10844  J221253.09+122158.7  ...	  0.0271   10.16    2.37    2.50    7.23    9.10    0.17   15.36   0.727   44	5.62    2790	19   2
 10872  J221321.50+132611.3  ...	  0.0281   10.48    4.57    4.85   13.23    8.81    0.17   14.76   0.658   50	5.15    7104	22   1
 10896  J221336.49+134020.7  ...	  0.0278   10.13    3.18    3.26    8.16    8.79    0.17   15.35   0.571   57	5.56    7104	21   2
 10918  J221421.77+135711.1  CGCG428-054  0.0261   10.78    4.78    5.18   15.28    9.14    0.17   13.89   0.860   31   4.85    7104	 4   3
 10884  J221430.63+130444.9  ...	  0.0257   10.47    3.83    4.26   12.50    9.04    0.19   14.84   0.336   74	5.97    1696	15   1
 10942  J221530.28+134023.4  ...	  0.0251   10.04    2.32    2.43    7.92    9.06    0.18   15.44   0.828   35	5.54    7104	14   2
 10943  J221540.59+133616.9  ...	  0.0275   10.23    3.90    4.13    9.93    8.71    0.19   15.17   0.531   60	5.00    7104	20   2
 10944  J221543.66+134252.3  ...	  0.0262   10.05    1.75    1.85    5.99    9.28    0.19   15.45   0.616   53	5.51    7104	17   2
 10950  J221559.51+132715.3  ...	  0.0254   10.21    1.82    1.86    4.98    9.43    0.19   15.18   0.677   49	5.65    7104	15   2
 10949  J221600.51+130851.8  ...	  0.0262   10.33    2.59    2.67    8.98    9.21    0.20   14.79   0.350   73	5.43    1696	17   2
 10948  J221636.89+131514.4  ...	  0.0258   10.02    3.53    4.12   10.31    8.65    0.20   15.82   0.356   73	4.82    1696	16   2
 10953  J221652.39+132533.5  ...	  0.0256   10.21    2.94    2.94    8.57    9.01    0.21   14.98   0.390   70	5.55    1696	15   2
 10952  J221657.95+133235.0  ...	  0.0262   10.47    4.04    4.45   11.49    8.97    0.20   15.07   0.280   78	7.13     173	17   2
 10879  J221750.25+125941.7  ...	  0.0360   10.05    1.17    1.20    3.53    9.34    0.24   16.31   0.735   44	5.11    1670	61   2
 10979  J221859.40+131114.8  CGCG428-072  0.0268   10.33    2.64    2.67    9.74    9.18    0.23   14.72   0.729   44	4.99    1670	18   2
 10990  J223137.59+130343.2  ...	  0.0367   10.36    4.68    4.93   11.47    8.43    0.18   16.06   0.123   90	2.81     199	66   2
 10985  J223407.83+123415.9  ...	  0.0495   10.78    3.13    4.39   10.91    8.94    0.15   15.71   0.568   57	4.28     207	61   2
 11016  J223619.86+141852.3  ...	  0.0375   10.25    2.54    2.86    9.18    8.83    0.16   15.91   0.827   35	4.63   31414	72   1
 11013  J223650.63+143055.6  ...	  0.0358   10.20    4.43    4.78    9.58    8.34    0.20   15.40   0.742   43	3.22    3001	60   2
 11015  J223701.58+142417.4  ...	  0.0367   10.76    4.19    4.72   14.69    8.93    0.19   14.63   0.634   52	5.51   31414	20   2
 11003  J223715.17+141551.3  ...	  0.0367   10.29    2.78    3.01    7.24    8.82    0.17   15.81   0.335   74	4.05   31414	66   2
 11019  J223810.59+142626.1  ...	  0.0360   10.05    3.72    3.76    7.82    8.34    0.19   16.13   0.319   75	3.63    3141	61   2
 11041  J224237.97+132844.5  ...	  0.0373   10.03    2.81    3.05    8.53    8.53    0.13   16.28   0.940   20	5.71   11561	71   2
 11055  J225026.03+145510.3  ...	  0.0275   10.45    4.69    5.11   14.00    8.78    0.17   14.46   0.815   36	3.94     199	20   2
 11086  J225524.42+131453.8  NGC7414	  0.0329   10.43    2.68    2.77    7.96    9.08    0.14   15.21   0.390   70   4.26    1690	42   3
 11087  J225525.96+125539.3  ...	  0.0376   10.88    3.62    3.80   11.60    9.16    0.12   14.86   0.325   75	5.28    2905	13   2
 11080  J225608.33+130337.9  ...	  0.0290   10.10    2.26    2.47    6.76    9.01    0.12   15.91   0.366   72   4.74    2905	25   3
 11071  J225726.69+130005.9  ...	  0.0257   10.56    6.24    7.08   16.92    8.70    0.19   14.28   0.571   57	4.40    2905	12   2
 11126  J230111.07+130932.5  ...	  0.0484   10.75    4.00    4.08    9.74    8.71    0.56   14.96   0.571   57	3.66    1610	65   2
 11132  J230146.58+133218.8  ...	  0.0341   10.62    2.12    2.16    7.11    9.45    0.36   14.64   0.542   59	6.21    1610	28   2
 11231  J230307.96+135327.4  ...	  0.0341   10.06    4.99    5.58   11.55    8.14    0.39   15.26   0.436   67	2.97    1610	49   2
 11120  J230343.06+135535.5  ...	  0.0271   10.40    3.56    3.88   10.23    8.99    0.42   14.55   0.367   72	3.49    1687	19   2
 11223  J230616.43+135856.3  ...	  0.0355   10.64    4.10    4.44   10.21    8.85    0.63   14.35   0.561   58	3.47    1687	31   1
 11250  J230735.69+152754.1  ...	  0.0364   10.30    4.04    4.19    9.88    8.51    0.56   15.42   0.414   68	3.85     298	64   2
 11249  J230757.92+152455.2  ...	  0.0362   10.11    2.93    2.78    6.69    8.60    0.64   15.96   0.791   39   7.87     298	63   3
 11257  J230806.95+152520.1  ...	  0.0368   10.18    2.47    2.65    6.79    8.80    0.69   16.34   0.331   74   4.10     298	67   3
 11268  J231138.88+150741.6  ...	  0.0418   10.72    2.83    3.35   10.05    9.11    0.29   15.17   0.870   30	3.47    3284	42   2
 11267  J231142.06+150638.2  CGCG431-010  0.0400   11.07    5.00    5.49   13.09    9.01    0.27   14.06   0.816   36	4.06    3284	 7   2
 11314  J231224.51+135704.5  ...	  0.0341   10.54    3.02    3.28    9.36    9.06    0.19   14.89   0.595   55	4.19    3264	40   2
 11312  J231225.98+135450.1  ...	  0.0339   10.44    2.40    2.54    7.54    9.17    0.19   15.16   0.526   60   5.60    3264	48   3
 11193  J231321.76+141648.8  ...	  0.0394   10.50    2.46    2.75    6.76    9.07    0.19   15.57   0.296   77   5.41    4965	88   3
 11298  J231330.39+140350.0  ...	  0.0394   10.10    3.82    4.56   11.92    8.29    0.18   16.60   0.241   82	3.88    3264	89   1
 11297  J231331.44+141938.6  ...	  0.0392   10.41    1.88    1.85    6.28    9.22    0.17   15.07   0.856   32	5.44    4965	87   2
 11192  J231340.27+140127.7  ...	  0.0399   10.56    1.16    1.00    1.83    9.77    0.18   17.19   0.804   37   3.67    3264	70   3
 11303  J231340.50+131331.8  ...	  0.0395   10.35    3.76    4.12   10.06    8.55    0.16   16.38   0.200   90	4.30    3264	90   2
 11285  J231516.82+133201.6  ...	  0.0395   10.05    2.27    2.51    6.48    8.69    0.15   16.95   0.218   85	4.80    3335	89   2
 11280  J231530.93+134040.6  ...	  0.0400   10.99    5.22    5.61   19.00    8.89    0.17   14.36   0.560   58	5.28    3335	10   2
 11284  J231545.95+133035.6  ...	  0.0394   10.34    3.03    3.25    7.93    8.72    0.17   16.23   0.234   83   5.13    3335	88   3
 11292  J231608.02+134918.4  ...	  0.0389   10.54    2.89    3.02    8.12    8.98    0.17   15.31   0.488   63   4.56    3335	69   3
 11291  J231616.05+135042.9  ...	  0.0386   10.39    2.38    2.69    8.05    9.00    0.17   15.62   0.372   71   3.01    3335	82   3
 11347  J231647.75+153459.7  ...	  0.0388   10.87    3.11    3.12    9.36    9.25    0.13   14.56   0.541   59   5.81    4851	15   3
 11462  J231756.35+135352.1  ...	  0.0395   10.90    3.66    4.20   14.65    9.12    0.14   14.47   0.572   57	4.37    2256	15   2
 11270  J231816.95+133426.6  ...	  0.0395   10.07    2.32    2.41    6.93    8.69    0.15   16.23   0.639   52	3.91    3335	90   2
 11349  J231836.21+151758.7  ...	  0.0256   10.13    4.99    5.52   12.09    8.47    0.11   14.76   0.523   60	2.88    4851	15   2
 11444  J232114.19+131851.2  ...	  0.0420   10.69    6.15    7.56   17.62    8.40    0.25   15.18   0.514   61   3.63    1682	48   3
 11437  J232215.37+140450.6  ...	  0.0264   10.56    4.35    5.05   13.73    8.99    0.13   14.55   0.368   72	3.83    1676	13   2
 11410  J232222.95+135938.2  ...	  0.0415   10.55    2.53    2.66    8.53    9.05    0.13   15.23   0.787   39   5.72    1676	86   3
 11513  J232239.48+154405.3  ...	  0.0411   10.62    4.19    4.47    9.65    8.68    0.11   15.32   0.772   40	4.53    3180	62   2
 11435  J232321.31+141704.4  ...	  0.0434   10.97    4.80    5.30   14.70    8.87    0.11   14.71   0.387   70   4.66    1676	15   3
 11514  J232326.53+152510.4  ...	  0.0428   10.27    1.56    1.65    4.91    9.16    0.14   16.27   0.643   51	4.27    3180   124   2
 11434  J232326.70+140753.9  ...	  0.0417   10.96    5.25    5.84   14.81    8.81    0.13   14.24   0.728   44   3.49    1676	14   3
 11636  J232331.69+151401.6  ...	  0.0394   10.10    2.87    3.04    7.71    8.54    0.20   16.08   0.886   28   4.30    3180	89   3
 11494  J232335.34+151148.8  ...	  0.0427   10.62    4.22    4.65    9.63    8.65    0.21   15.09   0.614   54	2.95    3180	71   2
 11395  J232337.45+133908.1  ...	  0.0425   10.77    2.34    2.47    8.15    9.32    0.19   15.30   0.921   23   5.40    1676	34   3
 11509  J232407.17+145006.6  ...	  0.0384   10.50    4.06    4.49   11.62    8.65    0.15   15.15   0.519   61   4.36    1681	80   3
 11524  J232423.53+152636.3  ...	  0.0256   10.41    3.20    3.44   10.30    9.14    0.14   14.65   0.419   68   5.52    3180	15   3
 11397  J232447.10+142301.6  ...	  0.0395   10.46    2.01    2.06    6.59    9.21    0.11   15.52   0.870   30	5.22    1681	89   2
 11585  J232516.78+142135.6  ...	  0.0445   11.08    3.09    3.36   11.34    9.34    0.11   14.51   0.686   48   6.09    1681	10   3
 11544  J232538.54+152115.9  IC1488	  0.0412   11.22    5.48    5.86   17.42    9.06    0.19   14.48   0.213   86   5.95     208	 4   3
 11383  J232548.27+140317.2  ...	  0.0377   10.21    3.01    3.29    8.49    8.65    0.13   15.78   0.643   51	3.23    2434	74   2
 11386  J232611.29+140148.1  ...	  0.0462   10.56    2.21    2.52    8.72    9.08    0.13   15.78   0.576   57	4.69    2434   129   1
 11366  J232621.83+141230.1  ...	  0.0430   10.87    3.38    3.55    9.86    9.09    0.14   14.74   0.663   50	5.47    2434	23   2
 11357  J232624.38+135742.9  ...	  0.0433   10.87    3.22    3.36   10.07    9.12    0.14   14.88   0.446   66	5.81    2434	24   2
 11676  J232711.15+144546.3  ...	  0.0418   10.58    3.51    4.07   11.27    8.79    0.15   15.95   0.371   71   4.37    1681	77   3
 11669  J232713.50+152831.1  ...	  0.0466   10.74    5.17    5.80   12.32    8.51    0.17   15.01   0.835   34   3.20     208	60   3
 11582  J232748.74+142831.1  ...	  0.0411   10.86    3.83    4.41   11.90    9.00    0.18   14.86   0.710   46	5.56    2932	20   2
 11685  J232749.71+150709.1  ...	  0.0419   11.16    7.54    8.74   20.31    8.71    0.20   14.02   0.586   56   4.39     208	 5   3
 11687  J232753.17+144239.5  ...	  0.0416   10.92    2.88    3.15   10.61    9.30    0.21   14.86   0.772   40	5.55    2932	16   2
 11571  J232934.08+132718.3  ...	  0.0337   10.28    5.13    5.48   11.94    8.36    0.15   15.04   0.668   49   2.80     109	46   3
 11573  J233011.60+132656.3  ...	  0.0386   10.47    3.75    4.95   11.81    8.69    0.17   15.49   0.494   63   3.69     109	81   3
 11568  J233013.51+132801.7  ...	  0.0417   11.19    3.58    3.91   12.59    9.39    0.17   14.11   0.628   53   5.56     109	 5   3
 11567  J233019.67+132657.4  ...	  0.0399   11.22    4.40    4.69   15.29    9.27    0.17   13.87   0.722   45   5.69     109	 3   3
 11697  J233113.42+151402.9  ...	  0.0312   10.02    2.97    3.38    9.17    8.64    0.17   16.42   0.442   66	3.88    2473	34   2
 11727  J233341.93+140429.8  ...	  0.0328   10.40    1.88    2.21    7.32    9.37    0.22   15.45   0.864   31	5.32    2327	42   2
 11763  J234157.75+151407.2  ...	  0.0256   10.21    2.30    2.43    6.94    9.22    0.10   15.94   0.270   79	4.59    2963	15   2
 11770  J234646.15+160235.0  CGCG455-046  0.0416   11.31    4.94    5.45   16.52    9.22    0.08   13.93   0.785   39	5.14     247	 3   2
 11754  J234823.35+143004.8  ...	  0.0409   10.77    3.26    3.57   10.06    9.06    0.11   15.00   0.606   54	5.56    2942	29   2
 11791  J235159.08+144504.1  ...	  0.0466   10.95    3.74    4.26   13.09    9.00    0.09   14.96   0.918   24   4.67    1699	23   3
 11783  J235224.35+143535.1  ...	  0.0270   10.33    2.22    2.37    6.66    9.33    0.10   15.02   0.745   43	5.58    1699	19   2
 11808  J235257.31+154244.8  ...	  0.0479   10.78    4.28    4.56   11.90    8.69    0.11   14.97   0.678   49	4.97    1693	55   2
 11815  J235308.28+160351.9  CGCG455-064  0.0491   11.12    2.79    3.06   10.14    9.38    0.11   14.56   0.715   46	4.99    3673	13   2
 11845  J235644.47+135435.4  ...	  0.0363   10.60    4.90    5.32   13.15    8.65    0.16   14.98   0.347   73	4.10    1705	39   2
 11824  J235747.57+153649.2  ...	  0.0380   10.25    6.17    6.33   14.09    8.05    0.14   15.46   0.486   63	3.24    1677	76   2
