7.816191760980963465e+00 -3.108695891491578323e+00 8.246998493561673305e-02 7.038184178653064116e-01
7.981607017486554767e+00 -2.807665895827597069e+00 3.101225919322129210e-01 9.373192182767912106e-01
8.147022273992146069e+00 -1.807665895827596847e+00 4.043839215607628046e-01 1.042233543887260971e-01
8.312437530497735594e+00 -1.850871150714245017e+00 7.537866678548409138e-02 3.133394835159592495e-01
8.477852787003325119e+00 -1.562727400824738266e+00 1.636176976455671339e-01 7.818072905756046076e-02
8.643268043508916421e+00 -1.563090099773449149e+00 1.260620905543889669e-01 1.023889613917137315e-01
8.808683300014507722e+00 -1.605695845168384039e+00 2.687017242227416891e-01 8.929879322535454189e-02
8.974098556520097247e+00 -1.845116053629594743e+00 1.676652074818598126e-01 2.034841401634362168e-01
9.139513813025686773e+00 -1.981386429875201749e+00 1.357128788199077063e-01 1.462322656723905046e-01
9.304929069531278074e+00 -2.076672502742309856e+00 2.401508101064946943e-01 1.926173164712805530e-01
9.470344326036869376e+00 -2.163034137110491972e+00 3.116377587545828276e-01 1.939791760457151570e-01
9.635759582542458901e+00 -2.358203456183787239e+00 5.030311746342204238e-01 2.380290335255801082e-01
9.801174839048048426e+00 -2.706658101775906378e+00 6.368220975999999700e-01 3.631779024000000300e-01
9.966590095553641504e+00 -3.042450203699099465e+00 3.010299956999999971e-01 2.632414348000000071e-01
1.013200535205923103e+01 -3.519571458418762067e+00 0.000000000000000000e+00 3.979400086999999586e-01
