7.500000000000000000e+00 -1.355840389334735052e+00 -1.018604063743266286e+00
7.510033444816053283e+00 -1.358882753624027773e+00 -1.022377631674926457e+00
7.520066889632107454e+00 -1.361928715323401207e+00 -1.026152657100068977e+00
7.530100334448160737e+00 -1.364978358510798628e+00 -1.029929174082937271e+00
7.540133779264214020e+00 -1.368031769229217209e+00 -1.033707217483918805e+00
7.550167224080267303e+00 -1.371089035532633726e+00 -1.037486822978150203e+00
7.560200668896321474e+00 -1.374150247533004299e+00 -1.041268027074560232e+00
7.570234113712374757e+00 -1.377215497448363024e+00 -1.045050867135357109e+00
7.580267558528428040e+00 -1.380284879652046381e+00 -1.048835381395971211e+00
7.590301003344481323e+00 -1.383358490723064715e+00 -1.052621608985463197e+00
7.600334448160535494e+00 -1.386436429497654332e+00 -1.056409589947410854e+00
7.610367892976588777e+00 -1.389518797122030858e+00 -1.060199365261282223e+00
7.620401337792642060e+00 -1.392605697106380047e+00 -1.063990976864308990e+00
7.630434782608695343e+00 -1.395697235380106926e+00 -1.067784467673871474e+00
7.640468227424749514e+00 -1.398793520348376562e+00 -1.071579881610406737e+00
7.650501672240802797e+00 -1.401894662949977333e+00 -1.075377263620850288e+00
7.660535117056856080e+00 -1.405000776716538002e+00 -1.079176659702630214e+00
7.670568561872909363e+00 -1.408111977833125028e+00 -1.082978116928215773e+00
7.680602006688963534e+00 -1.411228385200258506e+00 -1.086781683470245286e+00
7.690635451505016817e+00 -1.414350120497377850e+00 -1.090587408627237131e+00
7.700668896321070100e+00 -1.417477308247789836e+00 -1.094395342849906250e+00
7.710702341137123383e+00 -1.420610075885134993e+00 -1.098205537768090601e+00
7.720735785953177555e+00 -1.423748553821406970e+00 -1.102018046218310676e+00
7.730769230769230838e+00 -1.426892875516562631e+00 -1.105832922271970942e+00
7.740802675585284121e+00 -1.430043177549757516e+00 -1.109650221264222525e+00
7.750836120401337404e+00 -1.433199599692248416e+00 -1.113469999823498258e+00
7.760869565217391575e+00 -1.436362284981997250e+00 -1.117292315901739386e+00
7.770903010033444858e+00 -1.439531379800020439e+00 -1.121117228805328159e+00
7.780936454849498141e+00 -1.442707033948522177e+00 -1.124944799226743841e+00
7.790969899665551424e+00 -1.445889400730853591e+00 -1.128775089276957466e+00
7.801003344481605595e+00 -1.449078637033340833e+00 -1.132608162518586203e+00
7.811036789297658878e+00 -1.452274903409025875e+00 -1.136444083999818888e+00
7.821070234113712161e+00 -1.455478364163363514e+00 -1.140282920289138247e+00
7.831103678929766332e+00 -1.458689187441923218e+00 -1.144124739510852251e+00
7.841137123745819615e+00 -1.461907545320138446e+00 -1.147969611381455479e+00
7.851170568561872898e+00 -1.465133613895154951e+00 -1.151817607246843345e+00
7.861204013377926181e+00 -1.468367573379825819e+00 -1.155668800120393191e+00
7.871237458193980352e+00 -1.471609608198902741e+00 -1.159523264721935787e+00
7.881270903010033635e+00 -1.474859907087475053e+00 -1.163381077517638973e+00
7.891304347826086918e+00 -1.478118663191710702e+00 -1.167242316760821907e+00
7.901337792642140201e+00 -1.481386074171951783e+00 -1.171107062533726095e+00
7.911371237458194372e+00 -1.484662342308217031e+00 -1.174975396790257864e+00
7.921404682274247655e+00 -1.487947674608173454e+00 -1.178847403399733151e+00
7.931438127090300938e+00 -1.491242282917629947e+00 -1.182723168191645913e+00
7.941471571906354221e+00 -1.494546384033612174e+00 -1.186602779001479702e+00
7.951505016722408392e+00 -1.497860199820083338e+00 -1.190486325717591054e+00
7.961538461538461675e+00 -1.501183957326365448e+00 -1.194373900329187554e+00
7.971571906354514958e+00 -1.504517888908331935e+00 -1.198265596975432778e+00
7.981605351170568241e+00 -1.507862232352431109e+00 -1.202161511995689880e+00
7.991638795986622412e+00 -1.511217231002608408e+00 -1.206061743980947343e+00
8.001672240802674807e+00 -1.514583133890193833e+00 -1.209966393826440889e+00
8.011705685618728978e+00 -1.517960195866829620e+00 -1.213875564785511285e+00
8.021739130434783149e+00 -1.521348677740497424e+00 -1.217789362524714925e+00
8.031772575250835544e+00 -1.524748846414730075e+00 -1.221707895180223602e+00
8.041806020066889715e+00 -1.528160975031078506e+00 -1.225631273415549671e+00
8.051839464882943886e+00 -1.531585343114900910e+00 -1.229559610480608134e+00
8.061872909698996281e+00 -1.535022236724565836e+00 -1.233493022272168060e+00
8.071906354515050452e+00 -1.538471948604142270e+00 -1.237431627395717104e+00
8.081939799331102847e+00 -1.541934778339651979e+00 -1.241375547228763088e+00
8.091973244147157018e+00 -1.545411032518983818e+00 -1.245324905985627728e+00
8.102006688963211190e+00 -1.548901024895534828e+00 -1.249279830783742717e+00
8.112040133779263584e+00 -1.552405076555683605e+00 -1.253240451711502335e+00
8.122073578595317755e+00 -1.555923516090176095e+00 -1.257206901897703011e+00
8.132107023411371927e+00 -1.559456679769513743e+00 -1.261179317582598491e+00
8.142140468227424321e+00 -1.563004911723444579e+00 -1.265157838190622552e+00
8.152173913043478493e+00 -1.566568564124648955e+00 -1.269142606404810802e+00
8.162207357859532664e+00 -1.570147997376714954e+00 -1.273133768242954877e+00
8.172240802675585059e+00 -1.573743580306510736e+00 -1.277131473135546536e+00
8.182274247491639230e+00 -1.577355690361053275e+00 -1.281135874005538300e+00
8.192307692307691624e+00 -1.580984713808972542e+00 -1.285147127349963281e+00
8.202341137123745796e+00 -1.584631045946694572e+00 -1.289165393323476128e+00
8.212374581939799967e+00 -1.588295091309430918e+00 -1.293190835823831097e+00
8.222408026755852362e+00 -1.591977263887109473e+00 -1.297223622579367630e+00
8.232441471571906533e+00 -1.595677987345348825e+00 -1.301263925238540065e+00
8.242474916387960704e+00 -1.599397695251592921e+00 -1.305311919461534353e+00
8.252508361204013099e+00 -1.603136831306537502e+00 -1.309367785014030394e+00
8.262541806020067270e+00 -1.606895849580962654e+00 -1.313431705863158161e+00
8.272575250836119665e+00 -1.610675214758097384e+00 -1.317503870275686273e+00
8.282608695652173836e+00 -1.614475402381656099e+00 -1.321584470918520271e+00
8.292642140468228007e+00 -1.618296899109662679e+00 -1.325673704961535693e+00
8.302675585284280402e+00 -1.622140202974214684e+00 -1.329771774182821886e+00
8.312709030100334573e+00 -1.626005823647317827e+00 -1.333878885076388521e+00
8.322742474916388744e+00 -1.629894282712926801e+00 -1.337995248962377426e+00
8.332775919732441139e+00 -1.633806113945351468e+00 -1.342121082099864360e+00
8.342809364548495310e+00 -1.637741863594170066e+00 -1.346256605802290451e+00
8.352842809364547705e+00 -1.641702090675792647e+00 -1.350402046555585489e+00
8.362876254180601876e+00 -1.645687367271850832e+00 -1.354557636139067656e+00
8.372909698996656047e+00 -1.649698278834551557e+00 -1.358723611749151461e+00
8.382943143812708442e+00 -1.653735424499171991e+00 -1.362900216125958464e+00
8.392976588628762613e+00 -1.657799417403861275e+00 -1.367087697682886072e+00
8.403010033444816784e+00 -1.661890885016907404e+00 -1.371286310639196149e+00
8.413043478260869179e+00 -1.666010469471660649e+00 -1.375496315155713578e+00
8.423076923076923350e+00 -1.670158827909285382e+00 -1.379717977473691182e+00
8.433110367892975745e+00 -1.674336632829513283e+00 -1.383951570056915381e+00
8.443143812709029916e+00 -1.678544572449607752e+00 -1.388197371737144525e+00
8.453177257525084087e+00 -1.682783351071705624e+00 -1.392455667862934732e+00
8.463210702341136482e+00 -1.687053689458750227e+00 -1.396726750451950938e+00
8.473244147157190653e+00 -1.691356325219214751e+00 -1.401010918346838441e+00
8.483277591973244824e+00 -1.695692013200806647e+00 -1.405308477374730192e+00
8.493311036789297219e+00 -1.700061525893380887e+00 -1.409619740510489549e+00
8.503344481605351390e+00 -1.704465653841273687e+00 -1.413945028043767982e+00
8.513377926421405562e+00 -1.708905206065260751e+00 -1.418284667749958539e+00
8.523411371237457956e+00 -1.713381010494388956e+00 -1.422638995065156564e+00
8.533444816053512127e+00 -1.717893914407898626e+00 -1.427008353265203144e+00
8.543478260869564522e+00 -1.722444784887466440e+00 -1.431393093648910986e+00
8.553511705685618693e+00 -1.727034509280030106e+00 -1.435793575725580862e+00
8.563545150501672865e+00 -1.731663995671420153e+00 -1.440210167406889452e+00
8.573578595317725259e+00 -1.736334173371065548e+00 -1.444643245203272031e+00
8.583612040133779431e+00 -1.741045993408030235e+00 -1.449093194424892150e+00
8.593645484949831825e+00 -1.745800429038634860e+00 -1.453560409387301133e+00
8.603678929765885997e+00 -1.750598476265954773e+00 -1.458045293621917482e+00
8.613712374581940168e+00 -1.755441154371445212e+00 -1.462548260091412811e+00
8.623745819397992562e+00 -1.760329506459002769e+00 -1.467069731410138189e+00
8.633779264214046734e+00 -1.765264600011740903e+00 -1.471610140069705919e+00
8.643812709030100905e+00 -1.770247527461770609e+00 -1.476169928669831100e+00
8.653846153846153300e+00 -1.775279406773306423e+00 -1.480749550154581540e+00
8.663879598662207471e+00 -1.780361382039399532e+00 -1.485349468054145250e+00
8.673913043478261642e+00 -1.785494624092611948e+00 -1.489970156732240314e+00
8.683946488294314037e+00 -1.790680331129967495e+00 -1.494612101639319901e+00
8.693979933110368208e+00 -1.795919729352512428e+00 -1.499275799571688772e+00
8.704013377926422379e+00 -1.801214073619815226e+00 -1.503961758936673165e+00
8.714046822742474774e+00 -1.806564648119767469e+00 -1.508670500023992389e+00
8.724080267558528945e+00 -1.811972767054046640e+00 -1.513402555283474893e+00
8.734113712374581340e+00 -1.817439775339581454e+00 -1.518158469609256489e+00
8.744147157190635511e+00 -1.822967049326433830e+00 -1.522938800630631695e+00
8.754180602006689682e+00 -1.828555997532438138e+00 -1.527744119009692314e+00
8.764214046822742077e+00 -1.834208061395024014e+00 -1.532575008745929779e+00
8.774247491638796248e+00 -1.839924716040609587e+00 -1.537432067487956466e+00
8.784280936454848643e+00 -1.845707471071967198e+00 -1.542315906852504304e+00
8.794314381270902814e+00 -1.851557871374004183e+00 -1.547227152750892065e+00
8.804347826086956985e+00 -1.857477497938364142e+00 -1.552166445723108801e+00
8.814381270903009380e+00 -1.863467968707309463e+00 -1.557134441279715675e+00
8.824414715719063551e+00 -1.869530939437326289e+00 -1.562131810251736752e+00
8.834448160535117722e+00 -1.875668104582904006e+00 -1.567159239148721239e+00
8.844481605351170117e+00 -1.881881198200981986e+00 -1.572217430525181481e+00
8.854515050167224288e+00 -1.888171994876532311e+00 -1.577307103355595430e+00
8.864548494983278459e+00 -1.894542310669766083e+00 -1.582428993418164120e+00
8.874581939799330854e+00 -1.900994004085488243e+00 -1.587583853687549729e+00
8.884615384615385025e+00 -1.907528977065106712e+00 -1.592772454736787635e+00
8.894648829431437420e+00 -1.914149176001817221e+00 -1.597995585148589415e+00
8.904682274247491591e+00 -1.920856592779529137e+00 -1.603254051936265245e+00
8.914715719063545762e+00 -1.927653265836058782e+00 -1.608548680974475342e+00
8.924749163879598157e+00 -1.934541281251179523e+00 -1.613880317440056666e+00
8.934782608695652328e+00 -1.941522773860105744e+00 -1.619249826263151393e+00
8.944816053511704723e+00 -1.948599928392985570e+00 -1.624658092588871172e+00
8.954849498327758894e+00 -1.955774980641044714e+00 -1.630106022249765196e+00
8.964882943143813065e+00 -1.963050218649967649e+00 -1.635594542249314332e+00
8.974916387959865460e+00 -1.970427983941182015e+00 -1.641124601256739757e+00
8.984949832775919631e+00 -1.977910672761686195e+00 -1.646697170113371245e+00
8.994983277591973803e+00 -1.985500737363077306e+00 -1.652313242350842426e+00
9.005016722408026197e+00 -1.993200687310483055e+00 -1.657973834721409689e+00
9.015050167224080369e+00 -2.001013090822085783e+00 -1.663679987740660726e+00
9.025083612040134540e+00 -2.008940576139942369e+00 -1.669432766242901378e+00
9.035117056856186935e+00 -2.016985832932852940e+00 -1.675233259949530096e+00
9.045150501672241106e+00 -2.025151613732020017e+00 -1.681082584050697104e+00
9.055183946488295277e+00 -2.033440735400247057e+00 -1.686981879800550255e+00
9.065217391304347672e+00 -2.041856080635486848e+00 -1.692932315126398635e+00
9.075250836120401843e+00 -2.050400599509534239e+00 -1.698935085252116783e+00
9.085284280936454238e+00 -2.059077311042660341e+00 -1.704991413336106598e+00
9.095317725752508409e+00 -2.067889304815076823e+00 -1.711102551124186189e+00
9.105351170568562580e+00 -2.076839742616037654e+00 -1.717269779617721426e+00
9.115384615384614975e+00 -2.085931860131498450e+00 -1.723494409757384105e+00
9.125418060200669146e+00 -2.095168968671219822e+00 -1.729777783122891543e+00
9.135451505016721541e+00 -2.104554456936220674e+00 -1.736121272649086444e+00
9.145484949832775712e+00 -2.114091792827565541e+00 -1.742526283358773354e+00
9.155518394648829883e+00 -2.123784525297397696e+00 -1.748994253112663211e+00
9.165551839464882278e+00 -2.133636286243256297e+00 -1.755526653376858093e+00
9.175585284280936449e+00 -2.143650792446663456e+00 -1.762124990008273162e+00
9.185618729096990620e+00 -2.153831847557005297e+00 -1.768790804058404609e+00
9.195652173913043015e+00 -2.164183344121795027e+00 -1.775525672595893223e+00
9.205685618729097186e+00 -2.174709265664388713e+00 -1.782331209548314588e+00
9.215719063545151357e+00 -2.185413688810241339e+00 -1.789209066563631545e+00
9.225752508361203752e+00 -2.196300785462879546e+00 -1.796160933891789657e+00
9.235785953177257923e+00 -2.207374825030721688e+00 -1.803188541286919744e+00
9.245819397993310318e+00 -2.218640176705934497e+00 -1.810293658930613114e+00
9.255852842809364489e+00 -2.230101311796571117e+00 -1.817478098376793749e+00
9.265886287625418660e+00 -2.241762806113190898e+00 -1.824743713518655053e+00
9.275919732441471055e+00 -2.253629342411274994e+00 -1.832092401578209406e+00
9.285953177257525226e+00 -2.265705712890730084e+00 -1.839526104118963001e+00
9.295986622073579397e+00 -2.277996821753787149e+00 -1.847046808082250413e+00
9.306020066889631792e+00 -2.290507687822704419e+00 -1.854656546847798460e+00
9.316053511705685963e+00 -2.303243447218648932e+00 -1.862357401319079120e+00
9.326086956521738358e+00 -2.316209356103169803e+00 -1.870151501034016839e+00
9.336120401337792529e+00 -2.329410793483774444e+00 -1.878041025301672384e+00
9.346153846153846700e+00 -2.342853264085042575e+00 -1.886028204365475025e+00
9.356187290969899095e+00 -2.356542401286868760e+00 -1.894115320593654728e+00
9.366220735785953266e+00 -2.370483970131376239e+00 -1.902304709697495655e+00
9.376254180602007438e+00 -2.384683870400083450e+00 -1.910598761978051785e+00
9.386287625418059832e+00 -2.399148139763013887e+00 -1.918999923602012547e+00
9.396321070234114003e+00 -2.413882957001408869e+00 -1.927510697907386383e+00
9.406354515050168175e+00 -2.428894645305730737e+00 -1.936133646739689240e+00
9.416387959866220569e+00 -2.444189675650777271e+00 -1.944871391819374740e+00
9.426421404682274741e+00 -2.459774670249673445e+00 -1.953726616141223671e+00
9.436454849498327135e+00 -2.475656406088565298e+00 -1.962702065406424445e+00
9.446488294314381307e+00 -2.491841818543966358e+00 -1.971800549488146537e+00
9.456521739130435478e+00 -2.508338005084603584e+00 -1.981024943931344762e+00
9.466555183946487873e+00 -2.525152229059814069e+00 -1.990378191487631732e+00
9.476588628762542044e+00 -2.542291923576483370e+00 -1.999863303686023386e+00
9.486622073578594438e+00 -2.559764695466559825e+00 -2.009483362440378063e+00
9.496655518394648610e+00 -2.577578329347350650e+00 -2.019241521694431274e+00
9.506688963210702781e+00 -2.595740791776661283e+00 -2.029141009105251747e+00
9.516722408026755176e+00 -2.614260235505081909e+00 -2.039185127766058425e+00
9.526755852842809347e+00 -2.633145003827657149e+00 -2.049377257969305255e+00
9.536789297658863518e+00 -2.652403635037233087e+00 -2.059720859010955696e+00
9.546822742474915913e+00 -2.672044866981918787e+00 -2.070219471036942593e+00
9.556856187290970084e+00 -2.692077641729058168e+00 -2.080876716932780202e+00
9.566889632107024255e+00 -2.712511110338182263e+00 -2.091696304257330219e+00
9.576923076923076650e+00 -2.733354637745543769e+00 -2.102682027221771222e+00
9.586956521739130821e+00 -2.754617807762809623e+00 -2.113837768714829313e+00
9.596989966555184992e+00 -2.776310428192552582e+00 -2.125167502375316708e+00
9.607023411371237387e+00 -2.798442536063331154e+00 -2.136675294713132001e+00
9.617056856187291558e+00 -2.821024402987127644e+00 -2.148365307279830994e+00
9.627090301003343953e+00 -2.844066540641953633e+00 -2.160241798889905418e+00
9.637123745819398124e+00 -2.867579706382659577e+00 -2.172309127894010317e+00
9.647157190635450519e+00 -2.891574908982810221e+00 -2.184571754505286734e+00
9.657190635451504690e+00 -2.916063414510827290e+00 -2.197034243180087110e+00
9.667224080267558861e+00 -2.941056752343400582e+00 -2.209701265054311747e+00
9.677257525083611256e+00 -2.966566721319491506e+00 -2.222577600436709933e+00
9.687290969899665427e+00 -2.992605396038162002e+00 -2.235668141360449113e+00
9.697324414715719598e+00 -3.019185133303559532e+00 -2.248977894194306160e+00
9.707357859531771993e+00 -3.046318578720568659e+00 -2.262511982314899583e+00
9.717391304347826164e+00 -3.074018673444619765e+00 -2.276275648841381560e+00
9.727424749163880335e+00 -3.102298661089208487e+00 -2.290274259434022852e+00
9.737458193979932730e+00 -3.131172094794894889e+00 -2.304513305158224945e+00
9.747491638795986901e+00 -3.160652844463530009e+00 -2.318998405415471975e+00
9.757525083612041072e+00 -3.190755104161500544e+00 -2.333735310942760766e+00
9.767558528428093467e+00 -3.221493399696054638e+00 -2.348729906882153884e+00
9.777591973244147638e+00 -3.252882596368699364e+00 -2.363988215922078417e+00
9.787625418060201810e+00 -3.284937906909758176e+00 -2.379516401512014045e+00
9.797658862876254204e+00 -3.317674899598423988e+00 -2.395320771152340544e+00
9.807692307692308376e+00 -3.351109506572593766e+00 -2.411407779761074011e+00
9.817725752508360770e+00 -3.385258032332859823e+00 -2.427784033119265494e+00
9.827759197324414941e+00 -3.420137162445342494e+00 -2.444456291396959191e+00
9.837792642140467336e+00 -3.455763972447829513e+00 -2.461431472761522965e+00
9.847826086956521507e+00 -3.492155936964165264e+00 -2.478716657070349605e+00
9.857859531772575679e+00 -3.529330939031562142e+00 -2.496319089649825518e+00
9.867892976588628073e+00 -3.567307279645980156e+00 -2.514246185162645197e+00
9.877926421404682245e+00 -3.606103687530588964e+00 -2.532505531565517387e+00
9.887959866220736416e+00 -3.645739329132486439e+00 -2.551104894159335501e+00
9.897993311036788810e+00 -3.686233818853112076e+00 -2.570052219734043408e+00
9.908026755852842982e+00 -3.727607229517765575e+00 -2.589355640810368619e+00
9.918060200668897153e+00 -3.769880103089758627e+00 -2.609023479980666416e+00
9.928093645484949548e+00 -3.813073461635031247e+00 -2.629064254351241914e+00
9.938127090301003719e+00 -3.857208818543037765e+00 -2.649486680088506851e+00
9.948160535117057890e+00 -3.902308190009818212e+00 -2.670299677071348299e+00
9.958193979933110285e+00 -3.948394106789508751e+00 -2.691512373652265477e+00
9.968227424749164456e+00 -3.995489626220521728e+00 -2.713134111529785120e+00
9.978260869565216851e+00 -4.043618344532706743e+00 -2.735174450734716878e+00
9.988294314381271022e+00 -4.092804409442278413e+00 -2.757643174732999469e+00
9.998327759197323417e+00 -4.143072533040978556e+00 -2.780550295647753245e+00
1.000836120401337759e+01 -4.194448004986615075e+00 -2.803906059603438194e+00
1.001839464882943176e+01 -4.246956706001759230e+00 -2.827720952194860971e+00
1.002842809364548415e+01 -4.300625121688019803e+00 -2.852005704084038751e+00
1.003846153846153832e+01 -4.355480356663180785e+00 -2.876771296727872684e+00
1.004849498327759250e+01 -4.411550149028665047e+00 -2.902028968239650286e+00
1.005852842809364489e+01 -4.468862885175216348e+00 -2.927790219387579995e+00
1.006856187290969906e+01 -4.527447614934619224e+00 -2.954066819733522919e+00
1.007859531772575323e+01 -4.587334067085443223e+00 -2.980870813915155182e+00
1.008862876254180563e+01 -4.648552665221286517e+00 -3.008214528075000338e+00
1.009866220735785980e+01 -4.711134543989880186e+00 -3.036110576439716713e+00
1.010869565217391397e+01 -4.775111565711643635e+00 -3.064571868053113324e+00
1.011872909698996637e+01 -4.840516337386729262e+00 -3.093611613666571891e+00
1.012876254180602054e+01 -4.907382228099566035e+00 -3.123243332790509363e+00
1.013879598662207471e+01 -4.975743386830073334e+00 -3.153480860910604644e+00
1.014882943143812710e+01 -5.045634760681246611e+00 -3.184338356872719711e+00
1.015886287625418127e+01 -5.117092113532777375e+00 -3.215830310440427553e+00
1.016889632107023367e+01 -5.190152045130497882e+00 -3.247971550029116194e+00
1.017892976588628784e+01 -5.264852010622183442e+00 -3.280777250620933838e+00
1.018896321070234023e+01 -5.341230340549728339e+00 -3.314262941864633660e+00
1.019899665551839441e+01 -5.419326261308785142e+00 -3.348444516364815104e+00
1.020903010033444858e+01 -5.499179916086388786e+00 -3.383338238164814271e+00
1.021906354515050097e+01 -5.580832386288055780e+00 -3.418960751427913003e+00
1.022909698996655514e+01 -5.664325713465682810e+00 -3.455329089321444336e+00
1.023913043478260931e+01 -5.749702921757808838e+00 -3.492460683108480346e+00
1.024916387959866171e+01 -5.837008040854473556e+00 -3.530373371452061981e+00
1.025919732441471588e+01 -5.926286129498814503e+00 -3.569085409936890940e+00
1.026923076923077005e+01 -6.017583299537791142e+00 -3.608615480813499587e+00
1.027926421404682245e+01 -6.110946740535165844e+00 -3.648982702970214653e+00
1.028929765886287662e+01 -6.206424744959731399e+00 -3.690206642138194937e+00
1.029933110367893079e+01 -6.304066733962088165e+00 -3.732307321334906280e+00
1.030936454849498318e+01 -6.403923283754012097e+00 -3.775305231551744800e+00
1.031939799331103735e+01 -6.506046152604374910e+00 -3.819221342691454968e+00
1.032943143812708975e+01 -6.610488308465807705e+00 -3.864077114761095277e+00
1.033946488294314392e+01 -6.717303957247343860e+00 -3.909894509326719003e+00
1.034949832775919631e+01 -6.826548571747530048e+00 -3.956696001235645355e+00
1.035953177257525049e+01 -6.938278921264064536e+00 -4.004504590612834924e+00
1.036956521739130466e+01 -7.052553101895187027e+00 -4.053343815137509409e+00
1.037959866220735705e+01 -7.169430567549437860e+00 -4.103237762606791961e+00
1.038963210702341122e+01 -7.288972161680205453e+00 -4.154211083792973547e+00
1.039966555183946539e+01 -7.411240149761752605e+00 -4.206289005601206554e+00
1.040969899665551779e+01 -7.536298252524466612e+00 -4.259497344534789676e+00
1.041973244147157196e+01 -7.664211679966882684e+00 -4.313862520475166384e+00
1.042976588628762613e+01 -7.795047166162422769e+00 -4.369411570783900522e+00
1.043979933110367853e+01 -7.928873004879834596e+00 -4.426172164734324177e+00
1.044983277591973270e+01 -8.065759086036145220e+00 -4.484172618280487299e+00
1.045986622073578687e+01 -8.205776933001381224e+00 -4.543441909171183291e+00
1.046989966555183926e+01 -8.348999740775365552e+00 -4.604009692417315058e+00
1.047993311036789343e+01 -8.495502415056799705e+00 -4.665906316120761232e+00
1.048996655518394761e+01 -8.645361612225208603e+00 -4.729162837673095865e+00
1.050000000000000000e+01 -8.798655780257584880e+00 -4.793811040332989215e+00
