7.500000000000000000e+00 -1.696609430689743681e+00 -1.538724572976351457e+00
7.510033444816053283e+00 -1.698217541245404361e+00 -1.539519766132641188e+00
7.520066889632107454e+00 -1.699828667243341807e+00 -1.540316952670329309e+00
7.530100334448160737e+00 -1.701442879159865473e+00 -1.541116179178324552e+00
7.540133779264214020e+00 -1.703060249118443448e+00 -1.541917493334402423e+00
7.550167224080267303e+00 -1.704680850928198099e+00 -1.542720943930653066e+00
7.560200668896321474e+00 -1.706304760123305009e+00 -1.543526580899526435e+00
7.570234113712374757e+00 -1.707932054003308053e+00 -1.544334455340482970e+00
7.580267558528428040e+00 -1.709562811674381511e+00 -1.545144619547269560e+00
7.590301003344481323e+00 -1.711197114091552507e+00 -1.545957127035832324e+00
7.600334448160535494e+00 -1.712835044101913118e+00 -1.546772032572880873e+00
7.610367892976588777e+00 -1.714476686488840773e+00 -1.547589392205121595e+00
7.620401337792642060e+00 -1.716122128017253612e+00 -1.548409263289173055e+00
7.630434782608695343e+00 -1.717771457479920771e+00 -1.549231704522181730e+00
7.640468227424749514e+00 -1.719424765744858918e+00 -1.550056775973150724e+00
7.650501672240802797e+00 -1.721082145803833452e+00 -1.550884539115005234e+00
7.660535117056856080e+00 -1.722743692821994799e+00 -1.551715056857402297e+00
7.670568561872909363e+00 -1.724409504188674003e+00 -1.552548393580311270e+00
7.680602006688963534e+00 -1.726079679569366032e+00 -1.553384615168376781e+00
7.690635451505016817e+00 -1.727754320958927226e+00 -1.554223789046086601e+00
7.700668896321070100e+00 -1.729433532736017742e+00 -1.555065984213759522e+00
7.710702341137123383e+00 -1.731117421718814775e+00 -1.555911271284376340e+00
7.720735785953177555e+00 -1.732806097222028274e+00 -1.556759722521270373e+00
7.730769230769230838e+00 -1.734499671115249164e+00 -1.557611411876697938e+00
7.740802675585284121e+00 -1.736198257882662688e+00 -1.558466415031313890e+00
7.750836120401337404e+00 -1.737901974684154860e+00 -1.559324809434565529e+00
7.760869565217391575e+00 -1.739610941417849332e+00 -1.560186674346033087e+00
7.770903010033444858e+00 -1.741325280784104201e+00 -1.561052090877735665e+00
7.780936454849498141e+00 -1.743045118351005840e+00 -1.561921142037426158e+00
7.790969899665551424e+00 -1.744770582621392396e+00 -1.562793912772897809e+00
7.801003344481605595e+00 -1.746501805101445370e+00 -1.563670490017327497e+00
7.811036789297658878e+00 -1.748238920370880800e+00 -1.564550962735675288e+00
7.821070234113712161e+00 -1.749982066154785798e+00 -1.565435421972173557e+00
7.831103678929766332e+00 -1.751731383397130637e+00 -1.566323960898921897e+00
7.841137123745819615e+00 -1.753487016335998350e+00 -1.567216674865619108e+00
7.851170568561872898e+00 -1.755249112580576920e+00 -1.568113661450458052e+00
7.861204013377926181e+00 -1.757017823189945593e+00 -1.569015020512209535e+00
7.871237458193980352e+00 -1.758793302753706822e+00 -1.569920854243523900e+00
7.881270903010033635e+00 -1.760575709474499151e+00 -1.570831267225476724e+00
7.891304347826086918e+00 -1.762365205252441891e+00 -1.571746366483391943e+00
7.901337792642140201e+00 -1.764161955771551327e+00 -1.572666261543967492e+00
7.911371237458194372e+00 -1.765966130588177530e+00 -1.573591064493737868e+00
7.921404682274247655e+00 -1.767777903221506186e+00 -1.574520890038900944e+00
7.931438127090300938e+00 -1.769597451246179842e+00 -1.575455855566544550e+00
7.941471571906354221e+00 -1.771424956387079197e+00 -1.576396081207304345e+00
7.951505016722408392e+00 -1.773260604616322844e+00 -1.577341689899484978e+00
7.961538461538461675e+00 -1.775104586252530980e+00 -1.578292807454680036e+00
7.971571906354514958e+00 -1.776957096062413699e+00 -1.579249562624926773e+00
7.981605351170568241e+00 -1.778818333364728277e+00 -1.580212087171428692e+00
7.991638795986622412e+00 -1.780688502136671403e+00 -1.581180515934886621e+00
8.001672240802674807e+00 -1.782567811122751422e+00 -1.582154986907469141e+00
8.011705685618728978e+00 -1.784456473946213650e+00 -1.583135641306472330e+00
8.021739130434783149e+00 -1.786354709223061610e+00 -1.584122623649692807e+00
8.031772575250835544e+00 -1.788262740678747464e+00 -1.585116081832568691e+00
8.041806020066889715e+00 -1.790180797267591384e+00 -1.586116167207120231e+00
8.051839464882943886e+00 -1.792109113294986456e+00 -1.587123034662736965e+00
8.061872909698996281e+00 -1.794047928542464199e+00 -1.588136842708851582e+00
8.071906354515050452e+00 -1.795997488395683073e+00 -1.589157753559548025e+00
8.081939799331102847e+00 -1.797958043975403486e+00 -1.590185933220144232e+00
8.091973244147157018e+00 -1.799929852271532571e+00 -1.591221551575801918e+00
8.102006688963211190e+00 -1.801913176280291573e+00 -1.592264782482204044e+00
8.112040133779263584e+00 -1.803908285144596668e+00 -1.593315803858353252e+00
8.122073578595317755e+00 -1.805915454297719602e+00 -1.594374797781540121e+00
8.132107023411371927e+00 -1.807934965610301870e+00 -1.595441950584528756e+00
8.142140468227424321e+00 -1.809967107540807918e+00 -1.596517452955014571e+00
8.152173913043478493e+00 -1.812012175289497984e+00 -1.597601500037408195e+00
8.162207357859532664e+00 -1.814070470955991166e+00 -1.598694291536995271e+00
8.172240802675585059e+00 -1.816142303700518212e+00 -1.599796031826533405e+00
8.182274247491639230e+00 -1.818227989908941744e+00 -1.600906930055340460e+00
8.192307692307691624e+00 -1.820327853361629833e+00 -1.602027200260927486e+00
8.202341137123745796e+00 -1.822442225406281091e+00 -1.603157061483249768e+00
8.212374581939799967e+00 -1.824571445134785197e+00 -1.604296737881618640e+00
8.222408026755852362e+00 -1.826715859564218558e+00 -1.605446458854351777e+00
8.232441471571906533e+00 -1.828875823822072810e+00 -1.606606459161219469e+00
8.242474916387960704e+00 -1.831051701335805859e+00 -1.607776979048748389e+00
8.252508361204013099e+00 -1.833243864026829151e+00 -1.608958264378459901e+00
8.262541806020067270e+00 -1.835452692509028427e+00 -1.610150566758100643e+00
8.272575250836119665e+00 -1.837678576291917443e+00 -1.611354143675943096e+00
8.282608695652173836e+00 -1.839921913988551205e+00 -1.612569258638223868e+00
8.292642140468228007e+00 -1.842183113528286231e+00 -1.613796181309794742e+00
8.302675585284280402e+00 -1.844462592374522147e+00 -1.615035187658058202e+00
8.312709030100334573e+00 -1.846760777747531002e+00 -1.616286560100274050e+00
8.322742474916388744e+00 -1.849078106852488634e+00 -1.617550587654299266e+00
8.332775919732441139e+00 -1.851415027112843115e+00 -1.618827566092858827e+00
8.342809364548495310e+00 -1.853771996409134148e+00 -1.620117798101418316e+00
8.352842809364547705e+00 -1.856149483323391580e+00 -1.621421593439746456e+00
8.362876254180601876e+00 -1.858547967389251765e+00 -1.622739269107256410e+00
8.372909698996656047e+00 -1.860967939347913491e+00 -1.624071149512205992e+00
8.382943143812708442e+00 -1.863409901410079561e+00 -1.625417566644858036e+00
8.392976588628762613e+00 -1.865874367524022359e+00 -1.626778860254685766e+00
8.403010033444816784e+00 -1.868361863649907972e+00 -1.628155378031717948e+00
8.413043478260869179e+00 -1.870872928040536953e+00 -1.629547475792124889e+00
8.423076923076923350e+00 -1.873408111528648723e+00 -1.630955517668140509e+00
8.433110367892975745e+00 -1.875967977820931498e+00 -1.632379876302424204e+00
8.443143812709029916e+00 -1.878553103798914714e+00 -1.633820933046964630e+00
8.453177257525084087e+00 -1.881164079826886049e+00 -1.635279078166632427e+00
8.463210702341136482e+00 -1.883801510067007801e+00 -1.636754711047489597e+00
8.473244147157190653e+00 -1.886466012801800485e+00 -1.638248240409969858e+00
8.483277591973244824e+00 -1.889158220764157514e+00 -1.639760084527037254e+00
8.493311036789297219e+00 -1.891878781475077931e+00 -1.641290671447448002e+00
8.503344481605351390e+00 -1.894628357589292822e+00 -1.642840439224228399e+00
8.513377926421405562e+00 -1.897407627248964834e+00 -1.644409836148490456e+00
8.523411371237457956e+00 -1.900217284445658406e+00 -1.645999320988716708e+00
8.533444816053512127e+00 -1.903058039390771006e+00 -1.647609363235633895e+00
8.543478260869564522e+00 -1.905930618894615458e+00 -1.649240443352811392e+00
8.553511705685618693e+00 -1.908835766754370944e+00 -1.650893053033117397e+00
8.563545150501672865e+00 -1.911774244151093427e+00 -1.652567695461164998e+00
8.573578595317725259e+00 -1.914746830056008653e+00 -1.654264885581897992e+00
8.583612040133779431e+00 -1.917754321646302440e+00 -1.655985150375450132e+00
8.593645484949831825e+00 -1.920797534730624312e+00 -1.657729029138427235e+00
8.603678929765885997e+00 -1.923877304184540060e+00 -1.659497073771768028e+00
8.613712374581940168e+00 -1.926994484396158169e+00 -1.661289849075328506e+00
8.623745819397992562e+00 -1.930149949722173908e+00 -1.663107933049352560e+00
8.633779264214046734e+00 -1.933344594954572448e+00 -1.664951917202990517e+00
8.643812709030100905e+00 -1.936579335798236157e+00 -1.666822406870024809e+00
8.653846153846153300e+00 -1.939855109359716501e+00 -1.668720021531976405e+00
8.663879598662207471e+00 -1.943172874647432602e+00 -1.670645395148765644e+00
8.673913043478261642e+00 -1.946533613083554437e+00 -1.672599176497094442e+00
8.683946488294314037e+00 -1.949938329027852024e+00 -1.674582029516743731e+00
8.693979933110368208e+00 -1.953388050313792146e+00 -1.676594633664962197e+00
8.704013377926422379e+00 -1.956883828797156388e+00 -1.678637684279135733e+00
8.714046822742474774e+00 -1.960426740917488253e+00 -1.680711892947935215e+00
8.724080267558528945e+00 -1.964017888272660217e+00 -1.682817987891139788e+00
8.734113712374581340e+00 -1.967658398206867609e+00 -1.684956714348333495e+00
8.744147157190635511e+00 -1.971349424412368156e+00 -1.687128834976690639e+00
8.754180602006689682e+00 -1.975092147545282284e+00 -1.689335130258055262e+00
8.764214046822742077e+00 -1.978887775855786346e+00 -1.691576398915534796e+00
8.774247491638796248e+00 -1.982737545833038517e+00 -1.693853458339834805e+00
8.784280936454848643e+00 -1.986642722865171073e+00 -1.696167145025549328e+00
8.794314381270902814e+00 -1.990604601914714555e+00 -1.698518315017657043e+00
8.804347826086956985e+00 -1.994624508209801084e+00 -1.700907844368446886e+00
8.814381270903009380e+00 -1.998703797951528305e+00 -1.703336629605125330e+00
8.824414715719063551e+00 -2.002843859037854113e+00 -1.705805588208353374e+00
8.834448160535117722e+00 -2.007046111804406952e+00 -1.708315659101963480e+00
8.844481605351170117e+00 -2.011312009782613153e+00 -1.710867803154128008e+00
8.854515050167224288e+00 -2.015643040475543657e+00 -1.713463003690237185e+00
8.864548494983278459e+00 -2.020040726151892230e+00 -1.716102267017762806e+00
8.874581939799330854e+00 -2.024506624658507281e+00 -1.718786622963393018e+00
8.884615384615385025e+00 -2.029042330251923598e+00 -1.721517125422718619e+00
8.894648829431437420e+00 -2.033649474449316319e+00 -1.724294852922764631e+00
8.904682274247491591e+00 -2.038329726899352323e+00 -1.727120909197674026e+00
8.914715719063545762e+00 -2.043084796273391568e+00 -1.729996423777840464e+00
8.924749163879598157e+00 -2.047916431177514429e+00 -1.732922552592814691e+00
8.934782608695652328e+00 -2.052826421085874209e+00 -1.735900478588301432e+00
8.944816053511704723e+00 -2.057816597295849093e+00 -1.738931412357572537e+00
8.954849498327758894e+00 -2.062888833905536679e+00 -1.742016592787643869e+00
8.964882943143813065e+00 -2.068045048814072917e+00 -1.745157287720547679e+00
8.974916387959865460e+00 -2.073287204745347889e+00 -1.748354794630064823e+00
8.984949832775919631e+00 -2.078617310295640230e+00 -1.751610441314273459e+00
8.994983277591973803e+00 -2.084037421005735080e+00 -1.754925586604279664e+00
9.005016722408026197e+00 -2.089549640458102431e+00 -1.758301621089517042e+00
9.015050167224080369e+00 -2.095156121399720295e+00 -1.761739967859995870e+00
9.025083612040134540e+00 -2.100859066891133331e+00 -1.765242083265898820e+00
9.035117056856186935e+00 -2.106660731482374427e+00 -1.768809457694931808e+00
9.045150501672241106e+00 -2.112563422416366965e+00 -1.772443616367843200e+00
9.055183946488295277e+00 -2.118569500860449484e+00 -1.776146120152532148e+00
9.065217391304347672e+00 -2.124681383166688420e+00 -1.779918566397188151e+00
9.075250836120401843e+00 -2.130901542161645956e+00 -1.783762589782902808e+00
9.085284280936454238e+00 -2.137232508466285985e+00 -1.787679863196202090e+00
9.095317725752508409e+00 -2.143676871846739385e+00 -1.791672098621982068e+00
9.105351170568562580e+00 -2.150237282596626276e+00 -1.795741048057302613e+00
9.115384615384614975e+00 -2.156916452951695984e+00 -1.799888504446546467e+00
9.125418060200669146e+00 -2.163717158537528551e+00 -1.804116302638433478e+00
9.135451505016721541e+00 -2.170642239851061639e+00 -1.808426320365394968e+00
9.145484949832775712e+00 -2.177694603776760829e+00 -1.812820479245850436e+00
9.155518394648829883e+00 -2.184877225138206036e+00 -1.817300745809894869e+00
9.165551839464882278e+00 -2.192193148285953352e+00 -1.821869132548969095e+00
9.175585284280936449e+00 -2.199645488722513420e+00 -1.826527698990060955e+00
9.185618729096990620e+00 -2.207237434765288331e+00 -1.831278552795006176e+00
9.195652173913043015e+00 -2.214972249248393865e+00 -1.836123850885488018e+00
9.205685618729097186e+00 -2.222853271264250363e+00 -1.841065800594331670e+00
9.215719063545151357e+00 -2.230883917945870820e+00 -1.846106660843698233e+00
9.225752508361203752e+00 -2.239067686290812986e+00 -1.851248743350822679e+00
9.235785953177257923e+00 -2.247408155027760035e+00 -1.856494413861931925e+00
9.245819397993310318e+00 -2.255908986526717452e+00 -1.861846093414994074e+00
9.255852842809364489e+00 -2.264573928753869758e+00 -1.867306259631993148e+00
9.265886287625418660e+00 -2.273406817272108249e+00 -1.872877448041391668e+00
9.275919732441471055e+00 -2.282411577288327997e+00 -1.878562253431513174e+00
9.285953177257525226e+00 -2.291592225748573686e+00 -1.884363331235554551e+00
9.295986622073579397e+00 -2.300952873482138727e+00 -1.890283398948959359e+00
9.306020066889631792e+00 -2.310497727395791845e+00 -1.896325237579927547e+00
9.316053511705685963e+00 -2.320231092719284405e+00 -1.902491693133825601e+00
9.326086956521738358e+00 -2.330157375303323342e+00 -1.908785678132280283e+00
9.336120401337792529e+00 -2.340281083971278875e+00 -1.915210173167791963e+00
9.346153846153846700e+00 -2.350606832925826950e+00 -1.921768228494665109e+00
9.356187290969899095e+00 -2.361139344211859559e+00 -1.928462965657133488e+00
9.366220735785953266e+00 -2.371883450236956570e+00 -1.935297579155537573e+00
9.376254180602007438e+00 -2.382844096350750007e+00 -1.942275338151433051e+00
9.386287625418059832e+00 -2.394026343484585873e+00 -1.949399588212561651e+00
9.396321070234114003e+00 -2.405435370852885946e+00 -1.956673753098603585e+00
9.406354515050168175e+00 -2.417076478717621324e+00 -1.964101336588657709e+00
9.416387959866220569e+00 -2.428955091217419593e+00 -1.971685924351441965e+00
9.426421404682274741e+00 -2.441076759262790219e+00 -1.979431185859205744e+00
9.436454849498327135e+00 -2.453447163498995831e+00 -1.987340876346359586e+00
9.446488294314381307e+00 -2.466072117338206304e+00 -1.995418838813901807e+00
9.456521739130435478e+00 -2.478957570062482407e+00 -2.003669006080672332e+00
9.466555183946487873e+00 -2.492109609999307640e+00 -2.012095402882561057e+00
9.476588628762542044e+00 -2.505534467771336260e+00 -2.020702148020778299e+00
9.486622073578594438e+00 -2.519238519622071681e+00 -2.029493456560321540e+00
9.496655518394648610e+00 -2.533228290819305339e+00 -2.038473642079844605e+00
9.506688963210702781e+00 -2.547510459138067063e+00 -2.047647118974088354e+00
9.516722408026755176e+00 -2.562091858424998314e+00 -2.057018404810138534e+00
9.526755852842809347e+00 -2.576979482246037900e+00 -2.066592122738754256e+00
9.536789297658863518e+00 -2.592180487619330620e+00 -2.076373003962038055e+00
9.546822742474915913e+00 -2.607702198835407437e+00 -2.086365890258794931e+00
9.556856187290970084e+00 -2.623552111366652451e+00 -2.096575736568914827e+00
9.566889632107024255e+00 -2.639737895868111472e+00 -2.107007613638139709e+00
9.576923076923076650e+00 -2.656267402271835998e+00 -2.117666710724659396e+00
9.586956521739130821e+00 -2.673148663976917305e+00 -2.128558338368967462e+00
9.596989966555184992e+00 -2.690389902137423572e+00 -2.139687931228434259e+00
9.607023411371237387e+00 -2.707999530050579917e+00 -2.151061050978148259e+00
9.617056856187291558e+00 -2.725986157647510399e+00 -2.162683389279554280e+00
9.627090301003343953e+00 -2.744358596088901869e+00 -2.174560770818453115e+00
9.637123745819398124e+00 -2.763125862468128524e+00 -2.186699156414038558e+00
9.647157190635450519e+00 -2.782297184624240582e+00 -2.199104646200561675e+00
9.657190635451504690e+00 -2.801882006067498487e+00 -2.211783482883391105e+00
9.667224080267558861e+00 -2.821889991019973287e+00 -2.224742055071142310e+00
9.677257525083611256e+00 -2.842331029573986978e+00 -2.237986900685703606e+00
9.687290969899665427e+00 -2.863215242971119512e+00 -2.251524710451965561e+00
9.697324414715719598e+00 -2.884552989004558921e+00 -2.265362331469085611e+00
9.707357859531771993e+00 -2.906354867547750853e+00 -2.279506770865244114e+00
9.717391304347826164e+00 -2.928631726212259423e+00 -2.293965199537817856e+00
9.727424749163880335e+00 -2.951394666137831191e+00 -2.308744955980945868e+00
9.737458193979932730e+00 -2.974655047917813988e+00 -2.323853550202573004e+00
9.747491638795986901e+00 -2.998424497663069399e+00 -2.339298667733046955e+00
9.757525083612041072e+00 -3.022714913207567911e+00 -2.355088173727375001e+00
9.767558528428093467e+00 -3.047538470459059123e+00 -2.371230117163381834e+00
9.777591973244147638e+00 -3.072907629898169901e+00 -2.387732735137991558e+00
9.787625418060201810e+00 -3.098835143229358824e+00 -2.404604457263888939e+00
9.797658862876254204e+00 -3.125334060187352492e+00 -2.421853910168969115e+00
9.807692307692308376e+00 -3.152417735502663909e+00 -2.439489922100947172e+00
9.817725752508360770e+00 -3.180099836029859794e+00 -2.457521527639552339e+00
9.827759197324414941e+00 -3.208394348042498123e+00 -2.475957972518906036e+00
9.837792642140467336e+00 -3.237315584698486681e+00 -2.494808718562552041e+00
9.847826086956521507e+00 -3.266878193679998432e+00 -2.514083448733881898e+00
9.857859531772575679e+00 -3.297097165011869002e+00 -2.533792072304548171e+00
9.867892976588628073e+00 -3.327987839062775954e+00 -2.553944730143704156e+00
9.877926421404682245e+00 -3.359565914733419145e+00 -2.574551800130866486e+00
9.887959866220736416e+00 -3.391847457836029811e+00 -2.595623902695250784e+00
9.897993311036788810e+00 -3.424848909669767849e+00 -2.617171906484605515e+00
9.908026755852842982e+00 -3.458587095796541000e+00 -2.639206934166537621e+00
9.918060200668897153e+00 -3.493079235021886220e+00 -2.661740368365390186e+00
9.928093645484949548e+00 -3.528342948585796002e+00 -2.684783857737908619e+00
9.938127090301003719e+00 -3.564396269568353315e+00 -2.708349323190911928e+00
9.948160535117057890e+00 -3.601257652515139629e+00 -2.732448964244240219e+00
9.958193979933110285e+00 -3.638945983287658947e+00 -2.757095265542454765e+00
9.968227424749164456e+00 -3.677480589143986123e+00 -2.782301003518727445e+00
9.978260869565216851e+00 -3.716881249054955649e+00 -2.808079253214437188e+00
9.988294314381271022e+00 -3.757168204261550848e+00 -2.834443395258213982e+00
9.998327759197323417e+00 -3.798362169078934869e+00 -2.861407123008027575e+00
1.000836120401337759e+01 -3.840484341953104508e+00 -2.888984449860273251e+00
1.001839464882943176e+01 -3.883556416775844067e+00 -2.917189716729608140e+00
1.002842809364548415e+01 -3.927600594464208950e+00 -2.946037599703660526e+00
1.003846153846153832e+01 -3.972639594810639885e+00 -2.975543117876637833e+00
1.004849498327759250e+01 -4.018696668609968548e+00 -3.005721641365977970e+00
1.005852842809364489e+01 -4.065795610069920407e+00 -3.036588899516408091e+00
1.006856187290969906e+01 -4.113960769511679771e+00 -3.068160989295749541e+00
1.007859531772575323e+01 -4.163217066367204566e+00 -3.100454383886897425e+00
1.008862876254180563e+01 -4.213590002480402497e+00 -3.133485941480659065e+00
1.009866220735785980e+01 -4.265105675719166989e+00 -3.167272914274103623e+00
1.010869565217391397e+01 -4.317790793905476932e+00 -3.201832957679154212e+00
1.011872909698996637e+01 -4.371672689071150586e+00 -3.237184139746467793e+00
1.012876254180602054e+01 -4.426779332046774762e+00 -3.273344950809563336e+00
1.013879598662207471e+01 -4.483139347391530194e+00 -3.310334313354289293e+00
1.014882943143812710e+01 -4.540782028672030179e+00 -3.348171592119025153e+00
1.015886287625418127e+01 -4.599737354098256681e+00 -3.386876604430935522e+00
1.016889632107023367e+01 -4.660036002524840626e+00 -3.426469630783737674e+00
1.017892976588628784e+01 -4.721709369826465164e+00 -3.466971425662792150e+00
1.018896321070234023e+01 -4.784789585655833122e+00 -3.508403228623084402e+00
1.019899665551839441e+01 -4.849309530593462370e+00 -3.550786775626230352e+00
1.020903010033444858e+01 -4.915302853698146457e+00 -3.594144310642341189e+00
1.021906354515050097e+01 -4.982803990467703059e+00 -3.638498597523118772e+00
1.022909698996655514e+01 -5.051848181219506628e+00 -3.683872932152446822e+00
1.023913043478260931e+01 -5.122471489900497943e+00 -3.730291154880891469e+00
1.024916387959866171e+01 -5.194710823336921024e+00 -3.777777663250892815e+00
1.025919732441471588e+01 -5.268603950933972158e+00 -3.826357425019363490e+00
1.026923076923077005e+01 -5.344189524835739391e+00 -3.876055991484578911e+00
1.027926421404682245e+01 -5.421507100556439696e+00 -3.926899511124609887e+00
1.028929765886287662e+01 -5.500597158093842864e+00 -3.978914743554521571e+00
1.029933110367893079e+01 -5.581501123536035891e+00 -4.032129073809684883e+00
1.030936454849498318e+01 -5.664261391173292637e+00 -4.086570526963003047e+00
1.031939799331103735e+01 -5.748921346126746990e+00 -4.142267783083767085e+00
1.032943143812708975e+01 -5.835525387505787087e+00 -4.199250192546035265e+00
1.033946488294314392e+01 -5.924118952106906200e+00 -4.257547791694937800e+00
1.034949832775919631e+01 -6.014748538666195188e+00 -4.317191318878972339e+00
1.035953177257525049e+01 -6.107461732678903132e+00 -4.378212230857172038e+00
1.036956521739130466e+01 -6.202307231798846132e+00 -4.440642719589575016e+00
1.037959866220735705e+01 -6.299334871831593574e+00 -4.504515729420226045e+00
1.038963210702341122e+01 -6.398595653335184430e+00 -4.569864974661778767e+00
1.039966555183946539e+01 -6.500141768842373935e+00 -4.636724957590980800e+00
1.040969899665551779e+01 -6.604026630719284086e+00 -4.705130986864840992e+00
1.041973244147157196e+01 -6.710304899675158197e+00 -4.775119196367228369e+00
1.042976588628762613e+01 -6.819032513938275031e+00 -4.846726564495831724e+00
1.043979933110367853e+01 -6.930266719113912899e+00 -4.919990933900004748e+00
1.044983277591973270e+01 -7.044066098740175974e+00 -4.994951031679919495e+00
1.045986622073578687e+01 -7.160490605557758848e+00 -5.071646490057696965e+00
1.046989966555183926e+01 -7.279601593510744095e+00 -5.150117867531768923e+00
1.047993311036789343e+01 -7.401461850495299366e+00 -5.230406670525672652e+00
1.048996655518394761e+01 -7.526135631873595244e+00 -5.312555375542671321e+00
1.050000000000000000e+01 -7.653688694771187961e+00 -5.396607451838310254e+00
