7.500000000000000000e+00 -8.645977083070628399e-01 -2.644305348255261423e-01
7.511705685618728978e+00 -8.710741780861169792e-01 -2.728770576486397315e-01
7.523411371237457956e+00 -8.775525304843541097e-01 -2.813246417843052183e-01
7.535117056856186935e+00 -8.840328169346735043e-01 -2.897733162274366836e-01
7.546822742474916801e+00 -8.905150902751156616e-01 -2.982231107650872293e-01
7.558528428093645779e+00 -8.969994047872477116e-01 -3.066740559980854486e-01
7.570234113712374757e+00 -9.034858162356034228e-01 -3.151261833632718057e-01
7.581939799331103735e+00 -9.099743819081953511e-01 -3.235795251563376440e-01
7.593645484949832714e+00 -9.164651606581359911e-01 -3.320341145552874740e-01
7.605351170568561692e+00 -9.229582129463983486e-01 -3.404899856445439688e-01
7.617056856187290670e+00 -9.294536008857398057e-01 -3.489471734397123215e-01
7.628762541806019648e+00 -9.359513882858309097e-01 -3.574057139130189520e-01
7.640468227424749514e+00 -9.424516406996128470e-01 -3.658656440194476001e-01
7.652173913043478493e+00 -9.489544254709239013e-01 -3.743270017235843516e-01
7.663879598662207471e+00 -9.554598117834275373e-01 -3.827898260272054598e-01
7.675585284280936449e+00 -9.619678707108760829e-01 -3.912541569976096811e-01
7.687290969899665427e+00 -9.684786752687462030e-01 -3.997200357967281570e-01
7.698996655518394405e+00 -9.749923004672871318e-01 -4.081875047110311017e-01
7.710702341137123383e+00 -9.815088233660191896e-01 -4.166566071822492834e-01
7.722408026755853250e+00 -9.880283231297177782e-01 -4.251273878389362770e-01
7.734113712374582228e+00 -9.945508810859281512e-01 -4.335998925288891415e-01
7.745819397993311206e+00 -1.001076580784054260e+00 -4.420741683524632704e-01
7.757525083612040184e+00 -1.007605508056058419e+00 -4.505502636967883001e-01
7.769230769230769162e+00 -1.014137751078819427e+00 -4.590282282709240436e-01
7.780936454849498141e+00 -1.020673400438198097e+00 -4.675081131419742131e-01
7.792642140468227119e+00 -1.027212549194846947e+00 -4.759899707721897966e-01
7.804347826086956097e+00 -1.033755292951823668e+00 -4.844738550570827917e-01
7.816053511705685963e+00 -1.040301729924049123e+00 -4.929598213645842719e-01
7.827759197324414941e+00 -1.046851961009660714e+00 -5.014479265752672665e-01
7.839464882943143920e+00 -1.053406089863320849e+00 -5.099382291236768117e-01
7.851170568561872898e+00 -1.059964222971522485e+00 -5.184307890407805486e-01
7.862876254180601876e+00 -1.066526469729955462e+00 -5.269256679975846680e-01
7.874581939799330854e+00 -1.073092942522984261e+00 -5.354229293499380704e-01
7.886287625418059832e+00 -1.079663756805300245e+00 -5.439226381845632119e-01
7.897993311036788810e+00 -1.086239031185799675e+00 -5.524248613663432783e-01
7.909698996655518677e+00 -1.092818887513759218e+00 -5.609296675869014370e-01
7.921404682274247655e+00 -1.099403450967359808e+00 -5.694371274145040296e-01
7.933110367892976633e+00 -1.105992850144634110e+00 -5.779473133453356670e-01
7.944816053511705611e+00 -1.112587217156895569e+00 -5.864602998561662117e-01
7.956521739130434590e+00 -1.119186687724720741e+00 -5.949761634584598280e-01
7.968227424749163568e+00 -1.125791401276553305e+00 -6.034949827539645151e-01
7.979933110367892546e+00 -1.132401501050003256e+00 -6.120168384918167614e-01
7.991638795986622412e+00 -1.139017134195914105e+00 -6.205418136272096152e-01
8.003344481605351390e+00 -1.145638451885267806e+00 -6.290699933816579215e-01
8.015050167224080369e+00 -1.152265609419018677e+00 -6.376014653049195680e-01
8.026755852842809347e+00 -1.158898766340921593e+00 -6.461363193385987191e-01
8.038461538461538325e+00 -1.165538086553445263e+00 -6.546746478814924330e-01
8.050167224080267303e+00 -1.172183738436851641e+00 -6.632165458567196303e-01
8.061872909698996281e+00 -1.178835894971527853e+00 -6.717621107806865943e-01
8.073578595317725259e+00 -1.185494733863662553e+00 -6.803114428339341879e-01
8.085284280936454238e+00 -1.192160437674352869e+00 -6.888646449339221878e-01
8.096989966555183216e+00 -1.198833193952240084e+00 -6.974218228098016947e-01
8.108695652173912194e+00 -1.205513195369769530e+00 -7.059830850792288004e-01
8.120401337792642948e+00 -1.212200639863171947e+00 -7.145485433272816822e-01
8.132107023411371927e+00 -1.218895730776265784e+00 -7.231183121875230935e-01
8.143812709030100905e+00 -1.225598677008199022e+00 -7.316925094252931805e-01
8.155518394648829883e+00 -1.232309693165213771e+00 -7.402712560232640460e-01
8.167224080267558861e+00 -1.239028999716566437e+00 -7.488546762693379932e-01
8.178929765886287839e+00 -1.245756823154702708e+00 -7.574428978469452955e-01
8.190635451505016817e+00 -1.252493396159811700e+00 -7.660360519278107683e-01
8.202341137123745796e+00 -1.259238957768873624e+00 -7.746342732672528708e-01
8.214046822742474774e+00 -1.265993753549325973e+00 -7.832377003020871697e-01
8.225752508361203752e+00 -1.272758035777475483e+00 -7.918464752512034410e-01
8.237458193979932730e+00 -1.279532063621784177e+00 -8.004607442188930166e-01
8.249163879598661708e+00 -1.286316103331159422e+00 -8.090806573009963198e-01
8.260869565217390686e+00 -1.293110428428394298e+00 -8.177063686939516352e-01
8.272575250836119665e+00 -1.299915319908886424e+00 -8.263380368068233839e-01
8.284280936454848643e+00 -1.306731066444789313e+00 -8.349758243763891752e-01
8.295986622073577621e+00 -1.313557964594741945e+00 -8.436198985853742283e-01
8.307692307692308376e+00 -1.320396319019323750e+00 -8.522704311839141011e-01
8.319397993311037354e+00 -1.327246442702398443e+00 -8.609275986143303250e-01
8.331103678929766332e+00 -1.334108657178508572e+00 -8.695915821393291889e-01
8.342809364548495310e+00 -1.340983292766476431e+00 -8.782625679736880686e-01
8.354515050167224288e+00 -1.347870688809388318e+00 -8.869407474195463159e-01
8.366220735785953266e+00 -1.354771193921138872e+00 -8.956263170053921918e-01
8.377926421404682245e+00 -1.361685166239706479e+00 -9.043194786288450970e-01
8.389632107023411223e+00 -1.368612973687349799e+00 -9.130204397033405694e-01
8.401337792642140201e+00 -1.375554994237914386e+00 -9.217294133088201891e-01
8.413043478260869179e+00 -1.382511616191439252e+00 -9.304466183465411877e-01
8.424749163879598157e+00 -1.389483238456268532e+00 -9.391722796981132326e-01
8.436454849498327135e+00 -1.396470270838866767e+00 -9.479066283888809563e-01
8.448160535117056114e+00 -1.403473134341556960e+00 -9.566499017557702489e-01
8.459866220735785092e+00 -1.410492261468386577e+00 -9.654023436197187724e-01
8.471571906354515846e+00 -1.417528096539357740e+00 -9.741642044628211483e-01
8.483277591973244824e+00 -1.424581096013229686e+00 -9.829357416103045031e-01
8.494983277591973803e+00 -1.431651728819157476e+00 -9.917172194174901367e-01
8.506688963210702781e+00 -1.438740476697375481e+00 -1.000508909461849560e+00
8.518394648829431759e+00 -1.445847834549195188e+00 -1.009311090740314221e+00
8.530100334448160737e+00 -1.452974310796565360e+00 -1.018124049871972803e+00
8.541806020066889715e+00 -1.460120427751452343e+00 -1.026948081306309435e+00
8.553511705685618693e+00 -1.467286721995316068e+00 -1.035783487537127678e+00
8.565217391304347672e+00 -1.474473744768947103e+00 -1.044630579322320951e+00
8.576923076923076650e+00 -1.481682062372960740e+00 -1.053489675909645928e+00
8.588628762541805628e+00 -1.488912256579226989e+00 -1.062361105268664563e+00
8.600334448160534606e+00 -1.496164925053545591e+00 -1.071245204329022371e+00
8.612040133779263584e+00 -1.503440681789863786e+00 -1.080142319225237735e+00
8.623745819397992562e+00 -1.510740157556359708e+00 -1.089052805548176517e+00
8.635451505016721541e+00 -1.518064000353713805e+00 -1.097977028603398519e+00
8.647157190635450519e+00 -1.525412875885894914e+00 -1.106915363676562070e+00
8.658862876254181273e+00 -1.532787468043816936e+00 -1.115868196306079696e+00
8.670568561872910252e+00 -1.540188479402195165e+00 -1.124835922563217405e+00
8.682274247491639230e+00 -1.547616631729996417e+00 -1.133818949339857829e+00
8.693979933110368208e+00 -1.555072666514813573e+00 -1.142817694644113535e+00
8.705685618729097186e+00 -1.562557345501582207e+00 -1.151832587904022098e+00
8.717391304347826164e+00 -1.570071451246004779e+00 -1.160864070279535643e+00
8.729096989966555142e+00 -1.577615787683099402e+00 -1.169912594983037568e+00
8.740802675585284121e+00 -1.585191180711279069e+00 -1.178978627608610941e+00
8.752508361204013099e+00 -1.592798478792389671e+00 -1.188062646470306793e+00
8.764214046822742077e+00 -1.600438553568140021e+00 -1.197165142949649708e+00
8.775919732441471055e+00 -1.608112300493369728e+00 -1.206286621852641794e+00
8.787625418060200033e+00 -1.615820639486625687e+00 -1.215427601776516209e+00
8.799331103678929011e+00 -1.623564515598501901e+00 -1.224588615486511989e+00
8.811036789297659766e+00 -1.631344899698249140e+00 -1.233770210302943315e+00
8.822742474916388744e+00 -1.639162789179128943e+00 -1.242972948498836772e+00
8.834448160535117722e+00 -1.647019208683056402e+00 -1.252197407708445898e+00
8.846153846153846700e+00 -1.654915210845022022e+00 -1.261444181346912385e+00
8.857859531772575679e+00 -1.662851877057861305e+00 -1.270713879041398320e+00
8.869565217391304657e+00 -1.670830318257915392e+00 -1.280007127073997220e+00
8.881270903010033635e+00 -1.678851675732154547e+00 -1.289324568836744289e+00
8.892976588628762613e+00 -1.686917121947355325e+00 -1.298666865299057616e+00
8.904682274247491591e+00 -1.695027861401924740e+00 -1.308034695487949817e+00
8.916387959866220569e+00 -1.703185131501005145e+00 -1.317428756981359861e+00
8.928093645484949548e+00 -1.711390203455477321e+00 -1.326849766414959886e+00
8.939799331103678526e+00 -1.719644383205531257e+00 -1.336298460002812272e+00
8.951505016722407504e+00 -1.727949012369465409e+00 -1.345775594072246673e+00
8.963210702341136482e+00 -1.736305469218406783e+00 -1.355281945613353134e+00
8.974916387959865460e+00 -1.744715169677664157e+00 -1.364818312843485204e+00
8.986622073578594438e+00 -1.753179568355430762e+00 -1.374385515787186041e+00
8.998327759197323417e+00 -1.761700159599600024e+00 -1.383984396871956957e+00
9.010033444816054171e+00 -1.770278478583446002e+00 -1.393615821540307387e+00
9.021739130434783149e+00 -1.778916102420966094e+00 -1.403280678878512155e+00
9.033444816053512127e+00 -1.787614651312699809e+00 -1.412979882262567433e+00
9.045150501672241106e+00 -1.796375789722844507e+00 -1.422714370021776364e+00
9.056856187290970084e+00 -1.805201227588533408e+00 -1.432485106120470197e+00
9.068561872909699062e+00 -1.814092721562149180e+00 -1.442293080858355392e+00
9.080267558528428040e+00 -1.823052076287578593e+00 -1.452139311589991211e+00
9.091973244147157018e+00 -1.832081145711334624e+00 -1.462024843463925361e+00
9.103678929765885997e+00 -1.841181834429497233e+00 -1.471950750182022150e+00
9.115384615384614975e+00 -1.850356099071450489e+00 -1.481918134779533602e+00
9.127090301003343953e+00 -1.859605949721429896e+00 -1.491928130426486865e+00
9.138795986622072931e+00 -1.868933451378895993e+00 -1.501981901250958096e+00
9.150501672240801909e+00 -1.878340725458816474e+00 -1.512080643184845474e+00
9.162207357859530887e+00 -1.887829951332925971e+00 -1.522225584832743284e+00
9.173913043478261642e+00 -1.897403367913100602e+00 -1.532417988364558559e+00
9.185618729096990620e+00 -1.907063275277979697e+00 -1.542659150432503568e+00
9.197324414715719598e+00 -1.916812036344043069e+00 -1.552950403113157352e+00
9.209030100334448576e+00 -1.926652078582325789e+00 -1.563293114875247802e+00
9.220735785953177555e+00 -1.936585895782041877e+00 -1.573688691573884135e+00
9.232441471571906533e+00 -1.946616049862387232e+00 -1.584138577471944309e+00
9.244147157190635511e+00 -1.956745172733841853e+00 -1.594644256289372120e+00
9.255852842809364489e+00 -1.966975968210322723e+00 -1.605207252281139141e+00
9.267558528428093467e+00 -1.977311213973574899e+00 -1.615829131344654446e+00
9.279264214046822445e+00 -1.987753763591231015e+00 -1.626511502157433009e+00
9.290969899665551424e+00 -1.998306548590003562e+00 -1.637256017345838810e+00
9.302675585284280402e+00 -2.008972580585516532e+00 -1.648064374685765054e+00
9.314381270903009380e+00 -2.019754953470322967e+00 -1.658938318336110607e+00
9.326086956521738358e+00 -2.030656845661699350e+00 -1.669879640105958130e+00
9.337792642140467336e+00 -2.041681522410851102e+00 -1.680890180756372088e+00
9.349498327759196314e+00 -2.052832338175201166e+00 -1.691971831337757637e+00
9.361204013377925293e+00 -2.064112739055494750e+00 -1.703126534563760064e+00
9.372909698996656047e+00 -2.075526265299481921e+00 -1.714356286222699532e+00
9.384615384615385025e+00 -2.087076553873994378e+00 -1.725663136627556327e+00
9.396321070234114003e+00 -2.098767341107308226e+00 -1.737049192105587281e+00
9.408026755852842982e+00 -2.110602465403679240e+00 -1.748516616528623224e+00
9.419732441471571960e+00 -2.122585870032045019e+00 -1.760067632885176980e+00
9.431438127090300938e+00 -2.134721605990914206e+00 -1.771704524895507449e+00
9.443143812709029916e+00 -2.147013834951524647e+00 -1.783429638670799067e+00
9.454849498327758894e+00 -2.159466832281404791e+00 -1.795245384417675449e+00
9.466555183946487873e+00 -2.172084990150545014e+00 -1.807154238189277562e+00
9.478260869565216851e+00 -2.184872820722421061e+00 -1.819158743684180513e+00
9.489966555183945829e+00 -2.197834959432201973e+00 -1.831261514094460363e+00
9.501672240802674807e+00 -2.210976168354514826e+00 -1.843465234004243891e+00
9.513377926421405562e+00 -2.224301339663220300e+00 -1.855772661340133523e+00
9.525083612040134540e+00 -2.237815499185698442e+00 -1.868186629374906094e+00
9.536789297658863518e+00 -2.251523810054254504e+00 -1.880710048785970923e+00
9.548494983277592496e+00 -2.265431576457265894e+00 -1.893345909770046687e+00
9.560200668896321474e+00 -2.279544247492813813e+00 -1.906097284215619414e+00
9.571906354515050452e+00 -2.293867421127599115e+00 -1.918967327934751221e+00
9.583612040133779431e+00 -2.308406848264011657e+00 -1.931959282955860724e+00
9.595317725752508409e+00 -2.323168436918312985e+00 -1.945076479879141784e+00
9.607023411371237387e+00 -2.338158256512964162e+00 -1.958322340296333230e+00
9.618729096989966365e+00 -2.353382542286224677e+00 -1.971700379276594584e+00
9.630434782608695343e+00 -2.368847699822213215e+00 -1.985214207920297014e+00
9.642140468227424321e+00 -2.384560309704737868e+00 -1.998867535982582933e+00
9.653846153846153300e+00 -2.400527132298260646e+00 -2.012664174568600473e+00
9.665551839464882278e+00 -2.416755112659480620e+00 -2.026608038902371955e+00
9.677257525083611256e+00 -2.433251385583103499e+00 -2.040703151171309404e+00
9.688963210702340234e+00 -2.450023280785453839e+00 -2.054953643448436118e+00
9.700668896321069212e+00 -2.467078328229712625e+00 -2.069363760694448828e+00
9.712374581939798190e+00 -2.484424263596627380e+00 -2.083937863841794691e+00
9.724080267558527169e+00 -2.502069033904695150e+00 -2.098680432963000442e+00
9.735785953177257923e+00 -2.520020803283879118e+00 -2.113596070525569193e+00
9.747491638795986901e+00 -2.538287958907055053e+00 -2.128689504735782556e+00
9.759197324414715879e+00 -2.556879117083528996e+00 -2.143965592973881673e+00
9.770903010033444858e+00 -2.575803129519003143e+00 -2.159429325323073634e+00
9.782608695652173836e+00 -2.595069089746576907e+00 -2.175085828194959880e+00
9.794314381270902814e+00 -2.614686339733435894e+00 -2.190940368054010712e+00
9.806020066889631792e+00 -2.634664476668040933e+00 -2.206998355243788179e+00
9.817725752508360770e+00 -2.655013359932734573e+00 -2.223265347917705803e+00
9.829431438127089748e+00 -2.675743118266846743e+00 -2.239747056077172171e+00
9.841137123745818727e+00 -2.696864157125486550e+00 -2.256449345720059174e+00
9.852842809364547705e+00 -2.718387166239383035e+00 -2.273378243102500473e+00
9.864548494983278459e+00 -2.740323127381258494e+00 -2.290539939117133716e+00
9.876254180602007438e+00 -2.762683322344362757e+00 -2.307940793790931089e+00
9.887959866220736416e+00 -2.785479341139013076e+00 -2.325587340905945766e+00
9.899665551839465394e+00 -2.808723090413029588e+00 -2.343486292746266741e+00
9.911371237458194372e+00 -2.832426802102232521e+00 -2.361644544974669913e+00
9.923076923076923350e+00 -2.856603042317264141e+00 -2.380069181642501697e+00
9.934782608695652328e+00 -2.881264720473202701e+00 -2.398767480336427393e+00
9.946488294314381307e+00 -2.906425098668588891e+00 -2.417746917465791068e+00
9.958193979933110285e+00 -2.932097801320694863e+00 -2.437015173694422998e+00
9.969899665551839263e+00 -2.958296825064017810e+00 -2.456580139520846195e+00
9.981605351170568241e+00 -2.985036548919208332e+00 -2.476449921010928534e+00
9.993311036789297219e+00 -3.012331744739805472e+00 -2.496632845687156266e+00
1.000501672240802620e+01 -3.040197587944376778e+00 -2.517137468578798387e+00
1.001672240802675518e+01 -3.068649668541864717e+00 -2.537972578437359239e+00
1.002842809364548415e+01 -3.097704002458133488e+00 -2.559147204121840158e+00
1.004013377926421313e+01 -3.127377043171966520e+00 -2.580670621158442035e+00
1.005183946488294211e+01 -3.157685693668948801e+00 -2.602552358479479633e+00
1.006354515050167109e+01 -3.188647318721933743e+00 -2.624802205346405515e+00
1.007525083612040007e+01 -3.220279757507009233e+00 -2.647430218461962248e+00
1.008695652173913082e+01 -3.252601336564131529e+00 -2.670446729276646725e+00
1.009866220735785980e+01 -3.285630883111823053e+00 -2.693862351494769936e+00
1.011036789297658878e+01 -3.319387738725670722e+00 -2.717687988785611353e+00
1.012207357859531776e+01 -3.353891773390471620e+00 -2.741934842705208819e+00
1.013377926421404673e+01 -3.389163399936305776e+00 -2.766614420834588195e+00
1.014548494983277571e+01 -3.425223588868996583e+00 -2.791738545140325378e+00
1.015719063545150469e+01 -3.462093883605733335e+00 -2.817319360563514064e+00
1.016889632107023367e+01 -3.499796416126935927e+00 -2.843369343843387576e+00
1.018060200668896265e+01 -3.538353923055717942e+00 -2.869901312582000319e+00
1.019230769230769162e+01 -3.577789762176646349e+00 -2.896928434556550247e+00
1.020401337792642060e+01 -3.618127929405787313e+00 -2.924464237286118262e+00
1.021571906354515136e+01 -3.659393076224374930e+00 -2.952522617859772325e+00
1.022742474916388034e+01 -3.701610527588742094e+00 -2.981117853033150134e+00
1.023913043478260931e+01 -3.744806300329604376e+00 -3.010264609600927344e+00
1.025083612040133829e+01 -3.789007122053947629e+00 -3.039977955052609371e+00
1.026254180602006727e+01 -3.834240450563346503e+00 -3.070273368519466306e+00
1.027424749163879625e+01 -3.880534493802782592e+00 -3.101166752020531714e+00
1.028595317725752523e+01 -3.927918230354457307e+00 -3.132674442015835226e+00
1.029765886287625420e+01 -3.976421430491499542e+00 -3.164813221275274202e+00
1.030936454849498318e+01 -4.026074677806850133e+00 -3.197600331071738022e+00
1.032107023411371216e+01 -4.076909391433051866e+00 -3.231053483707345020e+00
1.033277591973244114e+01 -4.128957848869077907e+00 -3.265190875381902558e+00
1.034448160535117012e+01 -4.182253209430782270e+00 -3.300031199412919225e+00
1.035618729096989910e+01 -4.236829538342021806e+00 -3.335593659816798340e+00
1.036789297658862807e+01 -4.292721831483934380e+00 -3.371897985261059993e+00
1.037959866220735705e+01 -4.349966040820375746e+00 -3.408964443397737298e+00
1.039130434782608603e+01 -4.408599100517963443e+00 -3.446813855588363396e+00
1.040301003344481501e+01 -4.468658953779726772e+00 -3.485467612031235340e+00
1.041471571906354399e+01 -4.530184580411841466e+00 -3.524947687301959398e+00
1.042642140468227296e+01 -4.593216025143487258e+00 -3.565276656318562054e+00
1.043812709030100372e+01 -4.657794426720414549e+00 -3.606477710742763687e+00
1.044983277591973270e+01 -4.723962047793278884e+00 -3.648574675829313385e+00
1.046153846153846168e+01 -4.791762305622637719e+00 -3.691592027735698167e+00
1.047324414715719065e+01 -4.861239803622694033e+00 -3.735554911304693526e+00
1.048494983277591963e+01 -4.932440363766862568e+00 -3.780489158332760447e+00
1.049665551839464861e+01 -5.005411059878639435e+00 -3.826421306337527639e+00
1.050836120401337759e+01 -5.080200251831980651e+00 -3.873378617837996529e+00
1.052006688963210657e+01 -5.156857620686020383e+00 -3.921389100161482233e+00
1.053177257525083554e+01 -5.235434204779675582e+00 -3.970481525791671018e+00
1.054347826086956452e+01 -5.315982436812343614e+00 -4.020685453272594856e+00
1.055518394648829350e+01 -5.398556181937637533e+00 -4.072031248683687821e+00
1.056688963210702425e+01 -5.483210776897859517e+00 -4.124550107701552726e+00
1.057859531772575323e+01 -5.570003070227544484e+00 -4.178274078264413660e+00
1.059030100334448221e+01 -5.658991463555503643e+00 -4.233236083855832277e+00
1.060200668896321119e+01 -5.750235954035091801e+00 -4.289469947424455754e+00
1.061371237458194017e+01 -5.843798177933736682e+00 -4.347010415957290874e+00
1.062541806020066915e+01 -5.939741455413312110e+00 -4.405893185724305106e+00
1.063712374581939812e+01 -6.038130836533904144e+00 -4.466154928212707098e+00
1.064882943143812710e+01 -6.139033148514393190e+00 -4.527833316769749317e+00
1.066053511705685608e+01 -6.242517044284198846e+00 -4.590967053973411538e+00
1.067224080267558506e+01 -6.348653052361433069e+00 -4.655595899750839095e+00
1.068394648829431404e+01 -6.457513628093733971e+00 -4.721760700264979960e+00
1.069565217391304301e+01 -6.569173206298989598e+00 -4.789503417590404766e+00
1.070735785953177199e+01 -6.683708255344184224e+00 -4.858867160199849877e+00
1.071906354515050097e+01 -6.801197332701699239e+00 -4.929896214283671085e+00
1.073076923076922995e+01 -6.921721142023374185e+00 -5.002636075924920434e+00
1.074247491638795893e+01 -7.045362591773846717e+00 -5.077133484153451448e+00
1.075418060200668791e+01 -7.172206855465736552e+00 -5.153436454903061126e+00
1.076588628762541688e+01 -7.302341433540442850e+00 -5.231594315896328951e+00
1.077759197324414586e+01 -7.435856216939532359e+00 -5.311657742482505995e+00
1.078929765886287662e+01 -7.572843552412890311e+00 -5.393678794454510594e+00
1.080100334448160559e+01 -7.713398309610990822e+00 -5.477710953871684829e+00
1.081270903010033457e+01 -7.857617950010322261e+00 -5.563809163915999001e+00
1.082441471571906355e+01 -8.005602597721638958e+00 -5.652029868809671953e+00
1.083612040133779253e+01 -8.157455112232787187e+00 -5.742431054823397218e+00
1.084782608695652151e+01 -8.313281163138835694e+00 -5.835072292404902328e+00
1.085953177257525049e+01 -8.473189306913823771e+00 -5.930014779458444352e+00
1.087123745819397946e+01 -8.637291065779898247e+00 -6.027321385806706289e+00
1.088294314381270844e+01 -8.805701008731155355e+00 -6.127056698867377804e+00
1.089464882943143742e+01 -8.978536834771029262e+00 -6.229287070577615992e+00
1.090635451505016640e+01 -9.155919458423730006e+00 -6.334080665600481552e+00
1.091806020066889715e+01 -9.337973097581848236e+00 -6.441507510848378359e+00
1.092976588628762613e+01 -9.524825363753835816e+00 -6.551639546359386834e+00
1.094147157190635511e+01 -9.716607354777281103e+00 -6.664550677563692460e+00
1.095317725752508409e+01 -9.913453750064848080e+00 -6.780316828977771770e+00
1.096488294314381307e+01 -1.011550290845243616e+01 -6.899015999365566643e+00
1.097658862876254204e+01 -1.032289696872053675e+01 -7.020728318406645130e+00
1.098829431438127102e+01 -1.053578195286179309e+01 -7.145536104912524777e+00
1.100000000000000000e+01 -1.075430787216983397e+01 -7.273523926633464143e+00
