# SAMI/IRAM Catalog - 14 January 2016
# 
# Table containing measurements for the 28 SAMI galaxies observed at the IRAM-30m during the period of 15-22 Dec. 2015. 
# Data reduced 14 Jan. 2016 by A.Saintonge
#
# Brief column description: 
# Col (1) GAMA ID
# Col (2) Redshift
# Col (3) Stellar mass [log Msun]
# Col (4) rms per 20 km/s-wide channel in the IRAM spectrum [mK]
# Col (5) S/N of the CO(1-0) line 
# Col (6) CO(1-0) line flux, observed [Jy km/s]
# Col (7) MH2 [log Msun] - measured value, or upper limit if flagCO=2
# Col (8) log MH2/Mstar  - measured value, or upper limit if flagCO=2
# Col (9) flagCO [1: detection, 2: non-detection]
# Col (10) z_CO 
# Col (11) W50_CO [km/s]
# 
567624    0.02578     9.35     1.07     0.00     1.54     8.32     0.09    2    0.00000    300
574200    0.02856     9.37     0.89     5.87     2.09     8.54     0.15    1    0.02834    204
228432    0.02975     9.40     1.30     7.51     2.57     8.66     0.18    1    0.02979     88
239249    0.02901     9.36     1.51     0.00     2.19     8.57     0.16    2    0.00000    300
 31452    0.02024     9.51     1.23     6.73     3.02     8.40     0.08    1    0.02026    170
238125    0.02588     9.50     1.11     5.88     2.65     8.55     0.11    1    0.02593    211
486834    0.04349     9.75     1.25     0.00     1.80     8.84     0.12    2    0.00000    300
417678    0.03944    10.11     0.80    22.77     9.12     9.46     0.22    1    0.03950    322
106389    0.04009    10.20     1.20    10.37     6.90     9.35     0.14    1    0.04015    398
593680    0.03000    10.41     1.75    35.12    34.26     9.79     0.24    1    0.03007    400
618906    0.05650    10.57     1.22     8.91     6.24     9.61     0.11    1    0.05653    426
209807    0.05386    10.81     1.57    17.93    14.22     9.93     0.13    1    0.05380    329
376121    0.05149    11.02     0.87     8.38     4.28     9.37     0.02    1    0.05148    442
618220    0.05331    10.59     0.81     6.78     2.60     9.18     0.04    1    0.05335    288
383259    0.05715    10.73     0.88    80.81    24.06    10.21     0.30    1    0.05709    147
517302    0.02871    10.18     1.11     5.69     1.97     8.52     0.02    1    0.02873    125
 91996    0.05455    10.46     1.18     0.00     1.71     9.02     0.04    2    0.00000    300
209698    0.02855    10.43     1.24    10.03     4.88     8.91     0.03    1    0.02828    198
346839    0.05856    10.39     0.84     0.00     1.22     8.93     0.03    2    0.00000    300
371976    0.05796    10.55     0.77     0.00     1.12     8.89     0.02    2    0.00000    300
570206    0.04307    10.50     1.10     0.00     1.59     8.78     0.02    2    0.00000    300
618151    0.05033    10.52     1.20     0.00     1.74     8.95     0.03    2    0.00000    300
279818    0.02727     9.54     1.08     5.60     1.14     8.23     0.05    1    0.02720     45
322910    0.03094     9.74     1.06    12.51     2.51     8.69     0.09    1    0.03093     46
209743    0.04059    10.16     1.17     9.66     5.05     9.23     0.12    1    0.04056    257
620034    0.04269    10.22     1.07     9.21     4.90     9.26     0.11    1    0.04277    315
 41144    0.02964    10.34     1.92    21.85    20.28     9.56     0.16    1    0.02967    300
534753    0.02870    10.35     2.15    19.76    17.76     9.47     0.13    1    0.02863    225
