7.816191760980963465e+00 -inf 0.000000000000000000e+00 9.030899869999999829e-01
7.981607017486554767e+00 -2.205605904499634562e+00 2.247773988916940968e-01 1.997017514770051683e-01
8.147022273992146069e+00 -1.927859640300037203e+00 2.402689921957544272e-01 1.220221057927319969e-01
8.312437530497735594e+00 -1.684286339963278145e+00 7.784528475168789319e-02 1.324412658910734120e-01
8.477852787003325119e+00 -1.644880493815692013e+00 1.062789229631662669e-01 1.090731127089473174e-01
8.643268043508916421e+00 -1.470668959680061949e+00 2.364037385705514138e-01 1.089434569702263100e-01
8.808683300014507722e+00 -1.700448341426534338e+00 1.174556777866907903e-01 1.980527350976496181e-01
8.974098556520097247e+00 -1.863896914381554026e+00 2.380934493455428014e-01 8.182778172670826522e-02
9.139513813025686773e+00 -1.976080806253765809e+00 1.151886618518283140e-01 1.218264284403826891e-01
9.304929069531278074e+00 -2.116410901529577782e+00 1.833188450268629088e-01 2.708451972855678846e-01
9.470344326036869376e+00 -2.260666924977877468e+00 3.072410106049163758e-01 1.432983856570023695e-01
9.635759582542458901e+00 -2.478178773260537149e+00 5.416690588769424997e-01 3.239388860630869060e-01
9.801174839048048426e+00 -2.779208768924517958e+00 1.249387366000000027e-01 3.521825181000000082e-01
9.966590095553641504e+00 -3.343480199363080718e+00 1.760912591000000083e-01 2.218487496000000059e-01
1.013200535205923103e+01 -3.519571458418762067e+00 3.010299956999999971e-01 0.000000000000000000e+00
