-2.205605904499634562e+00 -1.829942290538749017e+00 -2.506635900163615815e+00
-1.829942290538749017e+00 -1.646297893592621797e+00 -2.029514645443953214e+00
-1.658537181320863807e+00 -1.704565213586858752e+00 -1.728484649779971960e+00
-1.681894690482924393e+00 -1.763253669923950273e+00 -1.623224435219157380e+00
-1.795438353295351730e+00 -1.818384999715769945e+00 -1.683806955246017978e+00
-1.767656929895832230e+00 -1.764405788440610134e+00 -1.910995528681504130e+00
-1.815380905865596528e+00 -1.793204292562403435e+00 -1.791359106410184365e+00
-1.788535669859322219e+00 -2.216903290077927302e+00 -1.785730470542250758e+00
-2.136633351782984747e+00 -2.066590967151464397e+00 -1.940319642473896655e+00
-2.075490226970233110e+00 -2.239093636106979979e+00 -2.213645366709225737e+00
-2.343480199363081162e+00 -2.422661445410705827e+00 -2.032054841358174713e+00
-2.329239760248470681e+00 -2.616481471426818306e+00 -2.389237689923755958e+00
-2.706658101775906378e+00 -2.917511467090799560e+00 -2.519571458418762067e+00
-2.975503414068486396e+00 -3.820601454082743320e+00 -2.866358944643418116e+00
-3.820601454082743320e+00 -inf -3.343480199363080718e+00
