-inf -inf -inf
-inf -inf -inf
-inf -2.807665895827597069e+00 -inf
-2.205605904499634562e+00 -1.933455118820346152e+00 -2.631574636771915721e+00
-1.860285332749622489e+00 -1.656179223686351953e+00 -1.981971702022096826e+00
-1.718271272959426943e+00 -1.704758630598498748e+00 -1.774823577583784395e+00
-1.633014962237394396e+00 -1.466805745614066847e+00 -1.681124881291009343e+00
-1.439864279912832501e+00 -1.565497098722306690e+00 -1.518738802902236840e+00
-1.690679148182691716e+00 -1.867989020443963533e+00 -1.520582399065413925e+00
-1.817080631501335253e+00 -1.957832242570244574e+00 -1.813439266634608860e+00
-2.009322573042592541e+00 -2.059005617072591665e+00 -1.932082209520747051e+00
-2.194237140553767507e+00 -2.287195915421828207e+00 -2.030987855168802536e+00
-2.300102643326566110e+00 -2.565328948979436863e+00 -2.248865466280271619e+00
-2.644510195027061972e+00 -3.042450203699099465e+00 -2.405628106111925568e+00
-3.218541462754780813e+00 -3.343480199363080718e+00 -2.779208768924517958e+00
